0 0 0 0 0 0 0 0 0 0 0 0 0 0 0 0 
0 0 0 40 30 0 0 0 0 0 0 0 0 0 0 0 
0 0 0 0 4 0 0 0 0 0 0 8 0 0 0 0 
0 0 0 48 36 0 0 0 0 0 0 0 0 0 0 0 
0 0 0 0 0 0 0 0 0 0 0 0 0 0 0 0 
0 0 8 32 24 0 0 0 0 0 36 0 0 32 0 0 
0 0 0 0 0 0 0 0 0 0 0 0 0 0 0 7 
0 0 0 40 30 0 0 0 0 0 0 0 0 0 0 0 
0 0 0 0 0 35 15 0 0 0 0 0 0 0 0 0 
0 0 0 0 0 0 0 20 0 0 0 48 0 0 0 0 
0 0 0 0 0 14 0 0 0 0 14 20 0 0 0 0 
0 0 0 0 0 0 0 10 0 0 0 6 0 0 0 0 
0 0 0 0 0 28 0 0 0 0 28 0 0 0 0 0 
0 0 0 0 0 0 0 0 0 0 0 0 0 0 0 0 
0 0 0 0 0 0 0 0 0 0 0 0 0 0 0 0 
0 0 24 0 0 49 0 0 0 0 49 28 0 0 0 24 
