257 270 250 281 344 348 460 276 374 344 284 356 302 382 390 251 
300 282 323 263 416 308 473 325 333 422 443 405 392 304 413 357 
241 323 238 260 377 273 472 345 327 373 228 335 303 349 385 257 
238 226 139 220 303 225 383 318 273 348 214 250 260 324 330 231 
210 241 273 234 395 260 416 334 295 363 351 329 341 327 383 321 
330 323 282 296 372 404 471 298 421 439 342 393 350 435 393 288 
232 253 206 307 408 310 337 297 281 293 334 343 282 242 319 293 
230 314 296 316 430 326 480 346 370 351 369 368 325 343 416 320 
256 311 247 272 406 276 396 281 295 382 343 365 391 239 332 273 
175 198 247 267 354 266 397 287 330 315 254 347 249 348 349 263 
213 256 209 278 417 321 412 387 326 377 332 347 295 312 369 351 
159 151 147 168 280 230 288 222 241 204 205 218 182 262 282 211 
317 287 231 194 322 320 444 274 327 401 334 325 349 364 372 281 
216 237 234 149 289 259 312 253 249 316 336 298 322 326 297 278 
217 286 188 278 335 314 372 251 302 316 316 296 262 192 293 234 
293 256 206 215 217 332 351 228 287 349 301 282 329 314 314 246 
