0 0 0 0 0 0 0 0 0 0 0 0 0 0 0 0 
0 0 0 0 0 0 30 0 6 0 0 0 36 0 16 0 
0 0 8 18 12 0 0 0 2 18 0 0 30 0 0 0 
0 0 0 0 0 0 0 0 0 0 0 0 0 0 0 0 
0 0 0 0 74 0 4 0 0 0 0 81 0 0 0 4 
0 0 0 0 0 0 0 54 40 0 0 0 0 15 0 0 
0 0 0 0 12 0 0 0 0 0 0 0 36 0 0 0 
0 0 0 0 0 0 0 0 0 0 0 0 0 15 15 0 
0 0 0 0 48 0 0 0 15 0 0 54 0 0 40 0 
0 0 0 0 0 0 0 0 0 0 0 0 0 0 0 0 
0 0 0 0 56 0 0 0 0 0 0 63 0 0 0 0 
0 0 0 0 18 0 0 0 0 0 0 0 54 3 3 0 
0 0 4 9 1 0 40 0 1 9 0 0 48 0 0 0 
0 0 0 0 0 0 0 18 0 0 0 0 0 0 0 0 
0 0 0 0 0 0 0 0 0 0 0 0 0 0 0 0 
0 0 32 72 8 0 0 0 8 72 0 0 0 0 0 0 
