189 249 268 192 275 203 323 190 321 335 278 331 189 285 227 292 
373 398 355 317 328 330 435 236 431 538 396 460 342 448 406 361 
231 235 232 197 243 154 295 184 286 339 241 288 233 276 263 292 
180 191 255 176 203 196 275 116 238 265 192 207 161 220 240 227 
267 288 301 259 231 176 356 140 321 427 340 330 223 312 316 320 
248 298 333 291 254 250 409 183 313 400 239 292 237 365 376 331 
314 418 420 363 365 369 523 206 422 506 333 466 248 502 433 444 
329 377 317 280 339 335 402 193 413 448 318 410 277 378 361 294 
159 302 267 253 212 259 351 150 268 353 249 288 173 354 293 265 
350 298 287 211 283 287 339 234 403 502 340 397 308 403 341 277 
234 326 216 233 264 323 307 218 283 372 254 344 268 368 311 230 
184 218 181 151 164 152 215 101 179 316 270 225 189 283 212 254 
220 374 286 281 322 348 379 221 286 410 290 344 270 437 355 331 
219 216 262 163 172 228 279 138 286 361 271 288 168 330 237 196 
225 334 352 280 278 284 480 272 374 435 296 360 233 441 327 340 
333 354 331 288 340 254 382 144 354 455 316 345 254 370 337 349 
