303 324 260 311 394 361 364 308 359 296 366 266 272 296 289 301 
305 418 324 394 466 400 394 346 414 394 383 328 259 365 382 312 
220 280 266 262 363 359 376 252 285 345 336 238 219 293 224 299 
141 242 241 277 258 248 239 206 222 263 203 211 153 225 247 193 
272 326 304 299 418 363 358 314 327 312 380 287 286 293 290 297 
271 326 197 291 327 302 341 278 363 300 358 291 328 211 285 344 
231 351 283 348 430 341 384 288 360 421 345 286 258 330 289 290 
220 361 264 290 323 373 349 278 302 323 279 245 255 307 251 277 
338 392 253 377 422 424 371 370 426 373 403 307 319 324 349 357 
237 409 335 369 452 373 364 294 387 430 362 371 264 387 363 344 
194 277 226 227 317 307 334 248 267 290 304 272 224 237 266 271 
182 274 185 244 269 228 276 208 292 264 230 241 205 195 252 260 
303 375 343 356 470 472 463 397 359 389 442 342 282 313 341 313 
243 264 251 289 399 378 383 301 322 361 400 283 206 239 251 273 
217 357 312 364 431 384 396 311 345 376 322 323 227 323 342 303 
316 480 351 440 442 449 408 380 421 398 409 417 380 367 433 375 
