0 36 0 0 92 14 0 48 10 0 0 35 0 0 20 6 0 57 0 20 0 2 0 56 0 6 6 0 0 0 0 0 15 0 2 37 0 0 0 8 0 0 0 0 0 0 0 0 22 21 24 0 0 20 0 0 0 0 35 0 10 8 0 0 
0 0 7 0 3 0 0 0 12 0 0 0 0 0 49 0 9 0 63 12 21 36 0 0 0 0 0 28 6 0 0 0 63 0 0 0 6 0 0 0 0 0 0 0 14 0 35 28 0 0 0 0 0 0 0 0 56 20 0 14 0 24 0 7 
0 91 6 94 35 0 29 0 87 0 0 24 12 0 0 0 32 0 0 97 32 0 0 21 0 0 0 0 16 8 20 0 12 0 48 0 0 24 16 6 0 0 0 0 80 32 0 0 80 24 62 8 54 32 0 0 24 0 0 0 0 24 106 4 
10 14 8 88 32 0 2 0 72 35 0 32 0 42 42 10 0 4 0 86 0 36 0 56 14 0 0 28 36 0 0 0 0 0 0 12 0 0 0 4 0 0 0 49 85 0 0 30 0 14 56 0 0 14 0 0 0 27 0 0 0 40 58 0 
0 0 0 0 0 0 0 7 0 0 21 0 0 0 0 21 7 6 0 43 63 10 0 0 0 0 7 0 0 0 0 0 6 56 0 0 0 91 7 0 0 0 0 24 0 0 0 0 0 0 0 0 0 8 0 0 0 58 42 0 53 0 0 0 
16 0 52 24 63 0 7 0 6 0 15 18 9 18 12 0 9 24 9 74 24 0 0 0 43 0 93 0 12 0 0 72 22 0 18 0 9 21 6 0 6 0 0 19 9 0 0 3 0 0 0 9 0 8 0 42 37 8 40 0 18 0 0 36 
54 6 0 64 7 0 0 0 0 27 0 45 1 24 0 18 0 32 0 39 72 72 0 0 67 0 27 28 36 0 0 6 2 0 18 0 0 54 36 42 0 42 30 36 0 30 62 30 87 8 45 19 9 0 0 18 25 56 0 0 81 27 0 4 
8 28 0 35 46 0 14 0 31 0 0 35 0 0 39 9 12 60 45 0 0 10 0 56 0 9 0 0 29 0 0 0 12 0 0 21 8 0 0 14 0 0 0 0 18 8 0 0 9 77 20 0 0 0 0 0 0 28 56 0 0 32 0 14 
0 0 1 34 0 0 32 5 9 42 0 4 0 0 0 21 24 12 72 50 0 77 0 0 20 12 15 0 54 0 0 15 6 70 30 0 8 75 28 0 42 0 48 0 50 0 35 0 0 20 7 12 27 0 20 48 12 12 72 0 0 2 43 0 
32 28 0 0 56 49 28 0 0 0 36 0 0 0 64 21 0 0 36 0 24 16 0 0 0 0 21 0 0 0 0 0 52 0 7 56 0 0 0 8 16 0 0 28 0 32 0 12 0 0 88 0 18 0 0 0 8 48 0 0 0 28 0 56 
20 0 0 3 35 0 0 9 0 0 0 0 24 0 40 0 0 0 0 6 0 0 0 0 0 0 0 0 0 0 0 0 30 15 0 0 0 0 0 5 0 0 0 0 0 20 0 0 0 0 20 0 0 0 0 0 0 0 0 0 0 0 0 35 
0 0 57 24 0 0 21 0 6 0 27 9 0 0 12 0 7 0 27 45 18 0 0 0 43 0 0 36 0 0 0 9 0 0 0 0 9 3 0 0 12 0 0 21 9 0 0 9 0 0 0 0 0 0 0 42 0 0 0 0 0 0 0 0 
0 0 24 0 35 0 40 0 0 0 0 8 5 0 0 0 56 10 0 76 0 0 0 63 56 0 15 32 0 0 0 8 12 0 0 0 82 49 35 0 0 0 0 0 72 0 0 0 0 0 0 5 54 0 10 0 39 0 0 0 0 0 0 29 
45 0 1 9 21 0 9 0 9 0 28 4 0 8 24 0 27 0 0 8 0 48 0 0 36 0 50 0 12 0 0 20 21 0 36 0 0 30 0 17 0 0 9 0 8 33 15 0 9 0 19 0 0 0 0 0 6 0 0 0 0 30 7 21 
16 0 12 39 4 0 0 9 52 0 0 16 24 0 0 0 12 3 24 182 0 0 3 49 0 16 64 0 80 0 0 72 19 21 0 0 8 0 0 0 56 0 0 0 72 0 0 0 0 0 28 0 0 4 0 64 0 16 39 0 2 40 31 7 
0 6 49 0 0 0 0 0 0 0 0 63 0 63 28 0 0 7 28 0 12 0 5 0 0 0 0 0 47 5 0 0 36 0 63 1 0 29 14 3 7 0 9 10 8 0 20 16 0 40 0 0 0 6 0 5 35 0 63 17 10 0 0 4 
44 6 9 45 0 0 21 0 90 0 48 20 0 16 56 0 0 7 83 68 42 12 29 0 18 0 66 0 24 5 0 40 80 48 0 0 0 0 0 85 12 0 9 9 56 0 40 41 0 0 35 0 0 0 0 0 12 0 0 23 0 31 59 17 
25 0 5 22 0 0 43 0 1 0 85 0 0 4 10 2 45 4 60 42 24 29 27 63 6 0 0 2 0 23 0 0 5 72 0 0 0 3 0 0 16 0 15 16 4 42 25 12 15 8 0 0 0 0 0 8 0 0 0 0 1 0 27 72 
36 67 2 0 0 7 0 0 0 0 0 0 0 16 0 3 36 0 4 0 0 12 0 0 0 0 19 0 24 0 0 4 0 0 55 8 0 0 0 28 0 0 0 0 0 0 0 0 18 0 8 0 0 0 0 0 28 0 0 0 0 4 72 0 
24 8 0 78 62 0 7 0 0 0 68 0 0 24 90 0 6 40 51 0 24 44 0 12 0 0 0 0 0 8 4 0 90 0 24 0 0 12 0 6 4 56 40 47 12 72 94 67 35 12 75 0 24 26 0 0 32 44 0 12 10 0 0 120 
0 7 1 24 28 0 8 21 9 24 9 9 59 0 0 2 12 21 21 47 6 21 0 0 7 0 9 0 0 0 0 0 15 50 0 0 0 0 0 0 4 0 24 3 8 0 0 3 0 0 7 9 0 20 6 2 9 0 59 0 19 2 25 12 
0 0 0 0 0 0 48 0 20 5 56 0 0 6 6 0 0 18 0 24 0 24 27 8 2 0 0 0 0 8 0 0 18 54 0 0 12 30 42 24 0 0 0 7 3 8 0 0 0 0 0 0 0 24 12 0 0 1 42 0 12 0 27 76 
0 5 0 45 24 0 0 0 0 0 0 0 0 0 0 0 0 34 0 12 0 23 0 0 0 0 0 0 48 0 0 0 9 0 15 16 0 0 0 0 0 35 25 38 0 25 40 65 20 0 0 0 0 12 0 0 0 54 21 0 6 32 0 0 
0 6 0 40 0 0 0 0 0 0 0 0 0 0 0 0 0 7 0 0 0 12 5 0 16 0 0 0 0 5 0 0 0 0 0 0 0 0 0 3 0 0 9 12 0 0 56 0 0 32 0 0 0 0 0 0 0 36 0 7 0 0 0 0 
5 0 10 27 20 0 15 0 41 0 0 21 6 9 0 0 9 15 0 44 0 7 0 0 0 0 0 0 14 4 10 49 16 0 9 0 0 2 2 5 1 0 3 0 40 33 5 0 21 26 21 0 14 51 0 0 5 7 44 28 10 31 21 0 
0 0 45 36 0 0 21 0 9 0 27 0 0 0 18 0 0 0 27 18 18 54 0 0 54 0 0 42 0 0 0 0 0 0 0 0 0 0 0 0 12 0 0 27 0 0 0 9 0 0 0 0 0 0 0 63 0 30 0 0 0 0 0 0 
0 0 1 0 0 0 0 0 0 9 14 15 0 0 0 6 0 0 2 0 0 0 0 0 33 0 12 0 0 0 0 0 0 0 0 0 0 0 0 0 0 0 0 0 0 0 0 0 0 0 0 0 0 0 0 6 8 0 0 0 27 14 0 0 
14 0 25 20 0 0 8 0 0 0 0 6 0 0 0 0 0 0 0 79 0 11 0 0 2 0 59 24 12 0 0 72 56 0 6 0 0 5 0 0 0 0 0 0 0 0 0 0 0 32 0 0 81 0 0 24 36 16 32 0 0 0 0 0 
45 71 0 0 20 0 0 0 0 56 0 25 0 20 10 0 44 80 32 20 0 71 25 40 0 63 20 0 30 25 72 5 43 40 18 15 0 0 0 86 0 0 109 0 0 0 0 0 6 42 0 16 0 20 16 28 15 0 99 35 10 0 72 0 
0 4 10 48 0 42 36 44 42 0 0 0 18 0 0 6 42 20 27 121 0 109 0 0 18 18 27 0 107 30 30 27 24 30 66 0 54 57 0 0 63 28 20 30 93 68 32 20 70 36 0 0 0 66 2 96 48 18 36 2 0 0 0 24 
84 56 0 73 77 0 22 8 0 0 18 0 0 32 24 24 0 0 18 40 12 24 0 18 0 0 32 0 48 0 0 8 30 64 0 0 0 48 0 59 8 0 0 6 0 12 0 6 0 0 12 0 0 12 0 12 24 0 0 0 15 0 0 21 
42 0 6 54 42 0 36 9 96 0 0 24 18 0 0 27 0 0 18 48 0 0 36 0 0 0 0 0 24 12 30 0 0 72 0 0 0 54 0 0 0 36 0 0 96 48 36 0 54 36 42 0 0 48 0 36 0 0 0 0 0 12 42 0 
62 0 35 28 77 0 0 0 32 0 0 0 0 0 78 30 0 12 0 12 0 38 0 0 42 0 0 28 42 0 0 14 60 0 0 14 0 0 0 50 0 0 0 14 0 32 0 35 0 46 32 0 58 42 0 49 24 22 0 8 0 28 6 61 
28 46 0 0 28 56 0 0 0 0 0 0 0 0 0 24 8 0 12 0 0 28 24 0 8 0 36 0 0 0 0 12 0 0 44 64 0 20 0 0 0 24 0 0 0 0 24 0 4 0 64 0 0 0 0 24 0 0 0 0 0 32 16 0 
56 0 0 12 28 42 0 42 0 27 56 45 0 0 32 58 42 16 0 48 0 66 0 0 63 0 0 0 0 8 0 0 24 0 0 0 54 0 0 20 0 0 0 0 0 24 0 0 0 56 16 0 0 74 0 18 48 0 0 0 81 0 8 124 
0 6 11 0 0 0 0 35 0 0 3 1 0 0 0 5 1 17 41 10 9 35 17 0 0 0 1 4 0 5 0 1 0 24 0 0 45 7 1 3 0 0 9 2 10 0 0 0 0 0 0 0 0 15 0 0 64 4 4 7 7 0 12 0 
0 0 0 4 0 0 0 12 0 0 0 0 32 0 0 0 0 0 0 8 0 0 0 0 0 0 0 0 0 0 0 0 0 20 0 0 0 4 0 0 4 0 0 0 0 0 0 0 0 0 0 0 0 0 0 0 0 0 12 0 0 16 36 0 
5 88 0 79 56 56 14 0 0 15 0 0 0 18 18 29 0 2 0 40 0 21 0 24 6 0 24 0 9 0 0 0 12 0 8 64 0 0 0 2 0 0 0 39 9 0 0 0 0 31 64 0 0 7 0 12 0 69 24 0 0 32 1 0 
0 0 10 8 0 0 0 0 7 0 0 0 0 0 42 0 0 0 35 0 15 25 0 0 12 3 0 0 0 0 0 18 45 0 0 12 54 0 0 16 0 0 0 4 10 0 25 20 3 0 4 0 0 0 0 14 18 0 0 10 0 0 0 5 
0 0 0 42 19 42 0 0 4 35 0 0 0 54 0 0 65 0 29 69 0 49 0 0 12 6 0 0 29 0 9 3 0 25 0 2 11 0 0 2 21 0 40 10 15 0 42 0 0 24 54 10 0 0 10 24 123 54 52 0 0 8 30 24 
0 74 35 64 56 0 40 0 21 0 18 45 9 45 0 0 0 21 18 40 12 0 15 0 0 63 0 0 42 21 87 0 0 0 45 0 0 22 10 45 13 0 27 14 24 24 0 6 27 77 0 0 0 24 0 4 25 0 45 21 4 0 0 0 
2 24 19 80 28 0 0 7 74 0 7 32 0 0 4 0 14 28 0 71 0 7 20 0 12 0 8 0 0 20 0 9 2 0 0 0 9 40 0 12 0 0 36 12 64 0 0 0 7 60 119 0 56 45 0 18 0 0 0 28 4 16 56 0 
0 9 15 81 2 0 0 21 0 0 35 0 0 6 0 0 0 45 0 15 0 30 0 0 30 0 30 0 3 27 1 0 14 21 27 0 27 0 0 0 0 63 45 57 0 45 72 45 36 0 6 0 63 9 3 0 36 2 0 3 0 35 0 0 
0 36 19 89 3 63 0 0 95 0 0 36 0 0 4 27 9 0 0 72 0 0 0 0 12 14 27 0 6 0 16 0 24 0 9 72 6 0 0 8 0 0 0 4 72 0 0 0 0 6 135 0 0 0 0 38 0 0 0 0 0 78 63 0 
45 0 0 7 16 0 0 28 20 0 4 0 56 20 12 26 8 10 49 70 0 25 0 0 0 28 20 0 102 0 0 47 0 91 0 0 0 58 0 51 56 0 0 0 50 0 0 0 16 28 52 0 44 24 0 64 15 22 32 24 0 0 0 0 
0 0 0 0 14 0 0 0 0 0 0 0 0 42 0 0 0 0 0 0 0 0 0 0 0 0 0 0 0 0 7 0 0 0 0 0 0 0 0 0 0 0 0 0 0 0 0 0 0 0 42 0 0 0 0 0 56 14 0 0 0 0 0 0 
81 0 0 18 64 0 6 6 12 6 0 10 11 40 8 4 0 16 14 6 0 76 6 0 20 0 69 2 58 18 5 24 0 30 18 4 18 15 0 73 0 0 0 12 8 8 0 0 11 6 0 8 0 8 0 4 57 36 0 0 18 0 6 33 
0 12 0 0 12 21 35 49 0 0 48 0 0 0 0 9 6 0 45 0 30 49 24 0 0 28 9 0 0 0 32 0 0 48 3 24 63 12 0 16 20 0 0 15 0 0 0 15 3 24 51 0 24 39 0 0 0 0 0 0 0 12 24 0 
28 50 45 52 90 0 2 0 9 49 3 45 0 0 36 5 41 64 65 22 0 49 24 93 61 0 0 0 45 0 0 0 0 35 0 36 9 36 0 0 0 24 56 32 19 0 24 0 3 95 27 14 24 72 14 94 0 0 56 18 52 0 42 3 
0 42 2 15 9 0 21 0 56 0 27 0 0 0 0 0 24 0 31 0 18 0 0 0 6 0 63 0 18 63 0 0 0 0 36 6 0 4 0 0 16 0 0 9 7 0 21 24 12 12 0 0 0 0 0 0 16 0 12 0 0 28 84 0 
4 0 34 20 7 0 14 2 45 102 46 28 0 54 72 16 24 0 42 15 12 54 0 72 83 0 45 12 0 49 0 3 6 46 0 0 0 12 0 1 8 0 48 79 32 8 0 6 0 0 4 12 0 0 12 45 0 9 48 0 45 0 36 43 
0 18 0 28 16 35 0 0 57 0 21 20 0 0 8 0 42 34 0 75 63 18 0 32 0 0 43 0 25 36 0 12 0 0 6 25 36 49 7 38 0 14 10 22 4 10 16 10 8 12 0 0 0 30 0 0 52 28 28 10 74 0 0 25 
0 0 0 0 0 0 0 0 25 0 0 0 0 0 0 0 0 0 0 0 0 0 0 0 0 0 0 0 0 0 0 0 44 0 0 0 0 0 0 30 0 0 0 0 0 0 0 0 0 0 0 0 72 0 0 28 32 0 0 0 0 0 0 5 
0 54 0 0 10 0 0 0 0 57 0 0 0 48 18 0 24 63 24 0 0 46 45 24 6 0 0 0 0 45 5 0 0 30 0 0 0 0 0 27 0 0 129 25 9 0 0 0 0 0 30 12 0 0 12 0 40 25 48 63 0 0 36 0 
0 30 0 2 0 42 6 6 7 12 0 20 19 0 0 26 0 7 0 4 0 0 5 0 28 0 18 0 4 7 5 0 0 10 6 48 0 0 0 3 0 0 9 0 8 8 0 0 9 6 48 0 0 8 0 8 0 0 0 7 36 24 0 0 
2 0 1 0 32 0 0 29 30 42 0 0 0 0 32 15 24 0 38 7 6 48 0 0 0 18 8 0 0 0 0 9 20 70 0 0 0 30 0 24 0 0 48 0 4 0 10 8 26 0 24 12 0 0 12 0 0 0 48 4 0 0 36 2 
30 0 20 16 2 0 24 0 48 0 56 0 12 6 29 30 0 12 21 20 9 24 0 35 24 0 18 0 16 34 21 0 27 0 0 0 0 0 0 12 0 0 0 8 40 40 15 12 36 66 6 0 0 74 0 28 8 2 0 6 0 0 6 80 
0 70 21 44 12 0 48 27 56 0 2 7 96 12 0 0 27 49 0 53 0 0 35 0 21 0 0 28 32 51 42 7 18 45 24 0 9 11 0 21 0 0 63 0 73 64 49 0 82 84 30 0 97 76 0 0 52 4 0 49 0 0 32 0 
31 0 0 0 29 0 0 49 0 9 63 15 0 24 0 16 0 4 9 0 0 94 18 0 21 0 0 0 0 9 4 0 0 0 0 0 63 0 0 4 0 18 0 18 0 9 18 0 0 14 24 0 0 35 0 24 32 62 0 0 27 0 2 81 
0 30 15 45 20 0 18 0 0 0 0 0 0 0 0 0 0 35 0 39 0 97 25 0 0 35 0 56 30 52 40 0 0 21 0 0 0 0 0 40 0 0 45 37 0 10 0 0 0 87 0 0 0 15 3 0 0 124 72 38 0 25 0 0 
0 0 0 3 44 0 0 9 0 0 0 0 24 24 0 0 35 27 0 42 0 0 0 0 35 0 0 0 0 0 4 0 27 15 0 0 45 15 0 9 0 0 0 0 45 18 0 0 0 0 24 0 0 63 0 0 32 8 63 0 18 45 0 0 
0 0 0 0 0 0 0 0 0 0 0 0 0 0 0 0 0 0 0 0 0 6 0 0 0 0 0 0 0 0 0 0 0 0 0 0 0 0 0 0 0 0 0 6 0 0 0 0 0 0 0 0 0 0 0 0 0 18 0 0 0 0 0 0 
0 0 0 0 16 0 0 0 0 5 4 0 0 6 6 0 8 0 0 0 0 0 0 8 2 14 0 0 0 0 16 0 0 0 0 0 0 16 0 8 0 0 0 7 3 0 0 0 4 22 36 0 32 24 0 0 0 1 0 0 0 0 0 0 
35 0 0 20 0 0 0 0 0 0 35 0 0 0 0 35 0 14 0 0 0 0 0 0 38 0 30 0 10 0 0 0 0 0 0 2 0 0 0 14 0 0 0 0 0 0 28 0 0 65 0 0 0 61 0 0 0 0 0 4 10 35 7 0 
