16 15 15 20 9 14 14 14 17 16 16 22 11 12 14 21 17 14 12 16 15 16 16 11 20 18 17 16 13 20 14 24 14 19 10 20 19 11 14 12 15 15 15 16 18 23 21 16 18 12 18 17 13 15 14 15 15 15 17 13 17 14 15 16 
18 13 14 15 10 13 16 9 12 14 9 18 13 13 13 19 13 12 13 14 15 12 14 12 18 17 14 12 12 15 10 20 13 17 10 17 17 10 15 13 14 15 13 13 15 16 18 11 16 11 18 14 17 14 14 16 12 13 14 11 13 13 15 12 
14 13 17 20 14 15 19 14 19 16 15 20 16 19 17 23 18 13 18 17 17 14 15 16 19 22 16 16 19 22 10 20 18 17 20 18 18 14 16 13 19 20 18 19 18 17 22 18 18 15 18 17 20 16 19 16 13 13 19 15 18 17 16 17 
14 13 10 16 13 15 22 13 13 16 17 18 13 15 17 18 15 7 13 16 17 15 16 12 20 21 17 16 17 21 13 21 19 13 14 18 15 12 13 17 15 19 15 19 13 16 22 16 15 13 18 17 15 16 18 18 15 14 16 14 13 13 15 17 
13 20 15 21 9 13 17 15 20 17 18 20 14 16 17 22 19 12 17 17 20 17 17 13 18 15 17 21 13 18 14 22 17 18 12 18 13 14 19 17 13 20 18 18 13 19 22 23 15 14 22 16 17 16 18 16 20 17 15 15 16 17 19 19 
12 11 13 15 14 11 13 9 16 13 11 14 12 13 13 16 10 11 17 14 14 10 10 11 14 15 10 18 17 17 8 17 14 13 11 11 9 12 12 11 11 14 16 17 12 11 15 15 16 12 17 10 15 13 12 9 13 8 14 15 15 16 10 13 
12 14 15 16 9 10 14 14 16 16 16 17 16 11 15 19 15 12 16 17 17 12 15 15 18 14 12 16 19 16 10 16 14 15 14 17 15 19 17 10 19 11 16 18 16 14 17 14 16 7 15 15 17 15 13 17 16 14 15 17 15 15 15 20 
14 13 12 18 11 14 12 11 14 15 15 16 17 16 13 16 13 11 15 14 15 12 12 13 17 14 15 19 15 18 10 18 16 13 15 15 9 15 16 12 14 14 17 15 14 14 18 16 18 13 18 11 14 11 13 12 16 10 15 14 15 14 12 19 
15 12 15 20 11 12 19 16 21 14 16 19 13 12 17 17 19 13 17 14 19 13 16 14 21 14 14 19 20 18 10 21 19 16 10 20 14 14 16 12 18 20 19 18 17 20 20 17 16 12 18 16 17 13 15 18 20 16 16 15 18 17 15 17 
16 20 23 23 15 17 20 17 22 20 23 23 19 21 20 22 21 18 22 21 21 17 20 17 27 22 15 22 24 25 11 26 22 17 15 21 19 17 20 15 20 18 22 22 20 19 23 20 24 16 22 13 21 20 20 18 17 15 21 20 18 21 21 24 
19 15 21 23 16 15 15 17 19 15 19 24 13 16 17 25 17 19 17 19 20 15 19 15 22 22 15 20 15 18 14 25 16 22 13 23 21 14 18 15 17 16 22 19 18 24 20 20 20 10 22 17 20 21 16 17 15 14 16 15 18 23 21 17 
16 15 19 19 18 13 16 16 16 18 16 22 14 18 18 20 15 16 15 15 15 13 15 15 20 19 17 18 15 21 13 20 14 17 17 21 20 13 12 13 17 19 18 19 17 18 19 16 14 12 23 15 19 17 15 17 15 12 15 12 19 19 18 19 
7 16 14 13 11 10 9 12 12 12 13 15 10 13 11 16 14 9 14 14 12 10 14 10 14 14 10 13 12 11 12 11 12 9 14 12 13 14 13 6 16 10 11 14 11 10 17 10 12 8 13 12 14 11 13 16 12 11 14 10 9 14 14 15 
15 14 19 20 10 14 16 10 19 15 17 19 13 17 12 21 17 14 21 17 17 15 12 11 17 19 13 14 17 16 10 22 16 17 15 17 17 16 16 14 14 15 20 18 16 16 21 16 19 12 20 10 19 14 15 17 17 13 16 15 17 18 16 16 
18 18 20 18 14 14 21 15 19 16 16 20 17 13 16 21 23 13 24 19 20 18 16 14 20 21 18 21 19 24 11 26 18 16 18 20 17 19 17 15 18 19 18 20 20 17 25 17 18 14 20 17 17 15 18 21 20 14 18 19 14 17 20 20 
10 14 18 20 9 12 15 13 21 16 15 15 15 16 12 19 19 13 15 14 15 16 16 13 18 14 17 18 16 18 10 23 17 12 14 17 14 14 17 16 14 13 16 17 15 19 19 16 17 9 21 13 21 14 18 14 16 14 13 16 17 21 16 19 
17 13 12 17 8 12 14 12 18 18 13 17 15 14 14 16 15 14 14 16 13 14 12 13 18 16 15 19 15 19 12 23 13 19 12 14 16 12 11 11 15 15 16 16 15 19 20 15 17 12 17 14 16 14 15 12 15 14 16 14 12 15 11 19 
15 15 14 18 10 12 18 15 16 17 14 19 12 11 16 20 14 14 15 17 16 14 16 13 19 20 13 16 17 18 13 18 16 17 15 18 16 16 18 8 17 15 18 19 18 20 21 15 15 13 14 20 14 17 15 21 15 15 18 16 16 18 14 21 
10 16 17 18 12 7 13 15 19 14 17 14 11 12 13 17 20 10 17 12 15 12 11 13 17 16 16 18 15 19 9 18 18 13 14 14 15 12 12 13 16 14 14 16 13 16 18 16 13 12 16 12 16 13 12 12 14 13 15 17 12 19 13 18 
17 15 15 20 12 11 17 13 14 21 13 18 15 10 16 19 16 16 16 16 15 16 14 14 19 19 20 19 13 18 12 21 13 18 15 19 20 13 18 10 17 19 19 21 15 17 19 16 17 14 17 15 18 16 14 17 16 14 14 15 16 18 18 22 
14 12 16 14 10 11 12 9 15 14 14 15 10 16 11 17 15 12 16 12 15 10 11 14 19 16 13 15 14 17 6 19 15 16 12 14 14 10 12 11 14 13 14 16 14 14 15 16 17 12 14 8 15 10 15 12 14 10 15 11 12 18 13 16 
9 14 9 14 11 8 11 10 14 13 10 10 14 9 13 16 13 12 12 10 12 11 13 12 10 11 13 18 10 14 7 15 11 11 10 8 11 11 12 9 9 13 11 15 11 12 14 11 12 8 15 10 13 9 11 8 11 8 8 11 14 12 8 11 
15 14 17 20 12 11 18 15 17 15 18 19 12 14 16 23 17 16 15 17 25 13 16 14 22 18 12 17 18 17 10 24 20 17 11 21 16 14 16 18 15 16 20 21 16 17 22 18 19 13 17 18 17 16 14 22 15 19 17 12 17 18 19 23 
15 16 13 18 12 14 17 13 20 19 19 18 15 16 20 22 19 15 14 16 20 14 19 15 20 18 16 21 17 19 12 22 22 15 12 17 18 15 19 14 15 21 17 22 14 22 22 20 23 13 17 17 19 17 18 20 19 17 19 14 20 19 18 22 
15 19 22 21 16 12 17 13 16 18 18 20 12 15 11 18 19 13 19 15 17 15 17 14 20 19 18 16 17 21 11 19 17 18 14 18 17 13 18 15 18 19 21 18 18 18 19 16 18 15 19 15 20 17 20 17 12 12 17 19 16 17 16 20 
13 16 9 13 11 12 13 14 16 13 12 14 15 13 13 16 14 13 13 14 15 13 15 11 15 14 15 18 12 15 11 17 16 15 13 15 13 12 14 10 12 16 13 16 12 15 17 15 15 10 15 13 15 11 13 14 12 10 11 9 16 13 13 15 
14 10 13 14 12 11 19 12 12 15 14 18 10 12 14 14 16 9 15 15 16 12 15 10 20 15 10 13 17 13 15 17 16 13 12 18 15 17 17 10 16 15 16 19 15 12 19 16 15 11 13 15 15 11 15 19 16 13 14 13 13 16 15 17 
8 13 9 12 9 5 13 11 12 16 13 13 10 12 14 15 15 10 10 12 16 9 14 8 9 13 11 18 11 14 10 16 13 10 9 12 11 8 14 12 10 17 14 14 9 12 15 15 12 10 13 11 15 11 15 10 12 9 14 8 13 16 13 16 
16 12 15 19 12 14 15 14 16 13 14 19 13 15 16 18 13 9 14 18 14 12 16 16 16 19 14 17 14 17 12 21 13 18 14 19 19 10 14 15 14 14 16 19 14 17 19 15 18 6 20 14 19 19 17 15 14 12 11 15 15 14 17 13 
17 15 17 21 10 13 18 12 20 18 16 21 17 14 17 25 15 20 18 16 19 22 15 14 19 17 17 19 15 20 12 26 16 16 16 20 16 16 18 15 15 17 19 20 20 23 23 19 19 16 23 16 18 17 15 15 16 18 17 16 20 19 18 21 
19 14 18 18 14 17 22 17 24 21 21 18 17 12 21 21 22 17 17 16 19 17 19 14 23 23 20 19 22 21 13 28 22 18 17 20 19 19 17 17 19 20 17 25 18 23 24 18 19 15 19 19 18 19 19 21 19 19 19 19 16 17 19 23 
17 13 18 21 11 15 20 11 21 15 17 19 14 15 14 20 16 14 18 21 18 13 19 14 16 21 14 19 21 17 13 24 17 19 13 18 17 16 16 18 16 18 19 21 16 19 26 17 20 10 19 18 20 18 19 20 17 16 15 19 16 18 18 18 
19 21 18 21 20 14 23 16 19 20 20 22 19 15 17 24 22 15 22 19 20 17 19 16 24 22 18 21 20 21 17 26 23 17 18 21 22 20 17 15 22 18 19 22 19 20 26 16 21 15 20 18 20 14 19 20 16 17 19 20 18 19 14 22 
21 18 20 25 16 19 24 18 29 18 23 23 18 17 22 26 23 19 22 19 21 18 20 19 23 23 19 23 25 22 14 28 22 24 15 23 20 20 20 20 22 22 21 26 18 23 26 26 21 14 23 22 24 18 18 22 22 20 20 19 21 20 21 22 
14 20 14 20 13 12 19 14 20 18 16 19 16 16 17 22 21 14 18 14 19 14 18 14 17 18 19 24 18 21 14 20 21 18 16 16 20 14 18 14 16 22 18 16 14 19 21 15 17 11 21 18 20 10 15 18 21 16 18 14 18 18 18 19 
19 16 12 16 11 13 16 11 15 17 21 18 12 17 15 17 21 10 15 16 18 12 14 13 21 18 18 15 17 19 14 20 19 17 15 15 17 15 15 15 14 17 16 17 17 17 23 16 20 13 18 15 15 12 15 18 16 15 20 14 16 13 16 19 
18 21 18 24 15 16 20 18 20 16 25 23 15 16 19 23 21 14 20 18 21 17 20 17 23 22 19 22 20 23 13 25 21 21 18 22 20 14 23 15 20 19 22 23 21 21 19 22 24 15 21 20 20 19 20 18 16 16 21 18 17 21 20 21 
10 12 14 13 10 11 12 12 13 15 12 17 12 11 12 16 14 8 16 12 9 8 11 12 12 16 12 17 15 17 7 16 11 12 13 12 10 10 16 9 13 13 13 13 14 12 16 13 14 10 15 11 13 18 14 11 9 5 12 13 12 16 12 10 
15 16 17 17 10 11 17 10 19 18 18 25 15 16 14 22 18 13 20 17 16 16 15 16 21 20 12 20 18 21 12 25 17 16 17 18 18 18 13 12 18 17 13 17 19 18 25 16 18 11 21 16 19 16 18 16 19 13 15 15 14 20 17 17 
16 20 15 16 16 14 15 13 12 18 16 19 16 16 12 20 17 13 19 17 19 11 14 14 21 18 14 19 17 19 15 21 17 17 12 21 17 14 18 10 14 16 16 13 15 13 22 13 17 13 20 12 16 13 14 16 16 10 15 12 14 14 15 15 
17 10 19 17 13 13 18 12 18 17 15 22 14 14 15 19 17 14 18 15 15 16 16 16 21 18 17 21 20 25 10 25 20 22 15 21 17 15 14 13 17 19 15 20 20 19 24 16 22 13 25 16 18 19 18 16 17 11 16 18 19 18 18 18 
17 17 17 19 15 10 17 15 18 20 18 21 15 13 19 19 19 17 18 16 20 17 16 15 18 18 14 22 19 19 13 22 18 17 13 20 20 16 21 13 19 18 19 16 18 20 20 19 22 13 20 18 21 17 14 17 18 17 21 18 18 21 20 21 
10 12 12 17 10 11 14 13 13 14 15 16 15 12 10 13 17 13 9 11 15 12 14 8 20 14 13 13 17 16 8 18 16 15 8 14 13 12 16 8 14 11 15 12 14 13 15 10 15 8 15 9 15 12 13 13 11 10 11 13 11 10 12 15 
16 14 17 19 12 13 20 15 19 15 17 19 15 16 17 16 18 12 16 18 17 12 15 14 16 19 14 16 22 20 14 21 14 16 13 22 18 14 15 12 17 17 18 16 19 17 17 18 16 9 16 15 19 13 18 16 15 12 17 17 17 15 14 16 
16 14 16 18 11 14 18 13 14 14 17 21 14 16 13 19 15 10 15 21 15 12 18 15 18 16 11 18 21 15 15 19 15 12 14 20 16 16 17 14 18 18 16 14 17 13 19 19 17 12 20 18 15 15 16 15 14 16 18 18 14 13 16 17 
13 14 16 21 16 10 18 14 20 15 18 16 15 13 14 14 19 18 17 13 16 14 13 13 18 20 16 13 19 19 9 21 19 17 14 15 17 14 17 10 17 15 20 18 17 17 16 12 17 9 17 12 20 15 13 17 15 12 16 20 15 16 16 19 
12 11 17 17 12 12 13 15 14 15 11 17 10 11 13 19 12 12 13 15 14 10 14 13 17 18 9 18 17 16 12 17 11 16 13 18 14 10 15 10 17 14 14 15 12 16 13 15 12 10 15 16 15 19 15 15 8 14 15 11 13 16 17 16 
15 13 19 20 14 14 15 12 20 16 18 19 17 15 14 19 17 16 17 16 11 14 18 16 18 16 15 18 18 18 11 22 16 14 18 16 19 17 14 13 18 14 17 21 14 15 19 18 16 10 19 15 17 15 16 14 14 13 14 16 15 17 15 18 
17 11 15 18 13 9 17 12 18 12 16 19 12 12 17 18 20 15 14 14 18 15 15 11 18 15 13 14 12 15 11 21 14 15 15 14 18 17 13 14 15 16 20 21 19 16 21 17 15 13 13 14 14 10 13 18 16 15 15 12 14 15 17 19 
13 16 17 22 14 11 15 14 14 13 18 17 12 13 14 18 20 12 17 16 17 12 16 14 21 20 16 17 18 18 8 23 17 16 11 18 16 10 16 11 15 15 17 18 14 13 16 16 19 7 16 13 16 13 19 15 14 13 15 18 14 13 16 17 
15 15 13 16 17 10 18 15 14 15 15 18 14 11 14 19 15 17 14 16 16 16 16 13 14 20 13 14 14 13 11 19 13 12 16 17 17 14 15 10 17 14 16 16 16 16 17 13 16 12 14 14 19 11 11 14 11 11 16 12 15 14 12 17 
11 11 13 11 11 14 12 12 13 15 13 11 11 9 10 14 15 11 9 11 13 8 12 6 17 15 11 11 16 13 10 17 14 10 8 15 14 11 12 10 12 11 10 14 12 15 12 8 11 12 13 11 15 15 14 16 8 10 13 8 13 11 12 10 
16 15 17 14 12 13 15 13 14 15 11 14 13 11 17 20 16 12 17 12 16 11 15 11 19 17 17 16 15 17 7 16 15 15 12 17 13 14 14 11 15 16 14 14 13 16 19 9 15 14 16 11 15 14 13 19 11 11 15 11 14 14 13 16 
14 14 16 18 14 10 16 14 13 15 17 20 10 11 17 18 17 9 20 16 15 16 16 14 18 19 14 15 16 19 12 17 12 14 20 19 16 20 15 10 20 13 18 14 18 15 17 14 18 11 14 16 17 12 14 17 11 11 18 15 17 19 14 21 
17 19 19 23 10 14 19 17 16 20 20 20 15 16 14 24 20 12 19 22 19 13 18 12 19 22 19 22 22 23 11 21 16 21 14 18 18 16 20 12 17 17 20 19 20 17 22 18 22 12 22 19 21 15 17 18 18 12 20 19 18 21 15 18 
13 16 15 14 14 10 15 15 16 16 16 19 17 10 19 18 14 12 19 15 17 12 13 16 17 13 12 23 18 17 13 19 17 12 13 20 17 16 16 10 18 16 14 19 15 15 18 16 18 13 16 14 15 14 12 12 15 11 13 16 15 14 15 18 
16 20 16 17 14 14 18 11 18 19 18 22 14 18 17 23 14 13 21 18 17 15 18 17 20 20 16 22 18 23 16 18 18 17 16 19 15 21 14 13 17 21 15 18 19 20 22 19 20 14 22 18 19 14 18 17 17 12 18 17 23 20 16 21 
15 15 15 16 14 11 14 14 16 14 15 17 14 13 18 17 13 13 17 17 19 13 15 12 16 18 15 17 13 16 12 20 19 17 16 17 18 12 13 12 17 15 15 18 13 15 22 14 15 14 18 17 15 14 15 15 15 15 18 14 13 15 14 14 
20 11 13 19 10 14 21 13 19 16 15 19 13 15 18 17 19 15 16 16 14 14 16 10 21 20 16 16 18 19 12 26 16 18 13 16 15 14 17 14 17 18 18 19 18 20 19 16 19 9 18 16 17 13 16 20 17 14 16 12 16 19 17 15 
14 16 14 18 11 12 16 12 18 15 18 18 12 15 14 17 13 17 18 17 13 15 12 14 19 19 14 16 16 16 12 22 11 15 13 18 14 18 15 12 14 15 17 19 17 13 18 17 17 8 16 14 16 13 12 15 17 11 13 13 15 14 14 19 
14 12 16 23 14 12 16 16 17 14 15 19 13 15 15 21 15 15 15 18 19 16 16 9 20 20 13 17 15 18 12 21 15 18 13 16 18 13 16 12 17 14 21 15 15 20 17 18 17 11 17 16 16 15 14 15 13 16 18 15 14 21 16 18 
19 16 20 22 15 19 16 19 24 20 20 22 16 16 19 22 17 13 20 22 18 13 20 16 22 23 16 23 23 22 17 25 16 19 17 23 18 21 18 18 22 19 21 20 18 21 23 23 19 15 23 19 16 23 19 20 18 19 20 21 18 20 19 21 
17 16 17 19 12 12 17 14 17 14 18 21 13 17 17 19 18 13 15 15 16 13 16 14 18 18 16 21 16 21 13 23 19 17 12 17 19 12 14 15 16 18 19 22 16 16 20 18 22 13 20 14 18 15 17 15 13 12 18 15 13 13 17 20 
16 14 14 16 12 11 16 14 17 13 14 20 14 14 15 21 14 15 15 18 18 12 15 12 15 14 9 18 15 16 15 17 12 17 13 14 13 17 15 12 15 15 19 18 17 17 21 18 15 11 17 18 17 14 12 15 13 13 15 13 14 16 17 17 
