0 0 0 0 0 18 0 0 0 0 0 0 72 0 9 0 63 0 0 0 72 0 0 0 0 0 0 72 72 0 0 0 0 0 0 81 0 0 0 0 8 0 6 2 0 2 0 0 0 0 0 0 0 0 0 0 10 0 0 0 0 0 0 10 
0 0 0 0 0 0 0 0 0 0 0 0 0 0 0 0 0 0 0 0 21 0 0 0 0 0 0 0 0 0 0 0 0 24 0 0 0 0 0 0 0 0 9 0 0 6 0 24 0 0 0 0 0 0 21 0 12 0 0 0 0 24 0 0 
36 14 0 0 0 30 0 0 16 0 0 16 18 36 28 0 0 4 0 14 0 0 0 0 0 2 0 0 2 0 2 0 0 18 0 0 0 22 0 0 14 0 6 6 4 2 10 60 0 36 40 0 2 0 0 6 10 0 0 0 28 6 0 10 
24 0 21 0 0 48 0 23 0 0 3 4 0 16 8 7 2 6 51 0 0 1 0 0 0 0 4 0 0 12 0 3 0 12 0 15 0 4 24 0 4 0 0 0 0 0 0 28 0 24 8 28 0 12 0 4 0 0 2 20 0 9 0 0 
52 3 0 0 0 9 10 2 0 0 2 9 0 0 2 0 9 2 6 0 1 0 0 0 0 10 6 31 0 4 0 0 0 0 3 0 6 0 0 0 2 0 47 0 0 0 0 0 0 0 0 2 18 0 12 21 12 0 0 9 1 0 4 0 
12 0 24 0 12 15 0 0 0 0 0 0 0 18 0 15 0 0 0 0 21 0 0 0 0 0 0 0 66 0 0 0 0 39 0 27 0 25 0 0 12 0 9 0 5 6 0 42 0 0 35 63 0 0 39 0 12 0 0 0 35 24 0 0 
64 54 45 24 0 28 0 75 0 32 27 36 0 8 0 135 18 2 12 0 1 9 36 0 40 0 46 46 36 22 0 0 0 0 6 12 15 0 0 0 0 0 117 20 28 27 0 0 42 28 81 0 0 0 9 0 4 0 18 1 1 129 0 0 
42 21 0 0 16 50 0 14 0 0 14 63 0 0 0 0 49 0 78 0 0 0 0 0 0 0 0 0 0 4 0 0 0 8 0 0 0 0 0 0 14 0 0 0 0 0 0 14 0 0 0 32 42 0 0 21 0 0 0 56 0 0 0 0 
0 0 0 27 0 10 0 0 18 0 80 48 24 0 3 54 21 45 0 0 24 10 0 35 40 0 0 24 42 0 0 0 10 0 25 27 0 0 0 81 0 0 41 45 0 0 16 14 78 0 54 134 25 0 0 30 0 0 0 63 0 0 0 9 
28 20 8 0 0 36 0 0 0 4 0 32 0 1 0 67 0 0 36 0 0 0 0 0 5 0 0 0 42 0 0 0 0 35 0 63 0 0 0 0 0 0 0 0 21 0 0 42 3 24 20 18 0 39 0 0 21 0 0 12 35 0 0 6 
12 73 4 0 0 21 0 0 14 32 0 16 0 8 4 16 0 57 6 0 24 0 54 0 0 0 62 0 54 24 0 54 31 70 25 30 0 48 48 0 30 0 33 75 42 0 0 14 15 133 14 35 88 42 56 32 0 0 0 6 16 54 0 0 
8 55 45 0 0 9 0 81 30 0 54 32 9 69 0 72 55 42 0 0 0 8 0 63 63 0 0 0 4 81 4 0 27 0 0 0 0 4 0 0 12 0 1 8 24 0 20 27 0 3 0 0 31 0 0 9 52 0 0 12 0 0 56 0 
0 0 36 12 0 0 0 36 0 9 0 0 18 0 0 14 0 0 14 0 0 0 0 0 27 0 14 0 0 0 21 6 3 0 0 0 0 9 0 18 12 0 18 0 3 0 0 0 0 0 0 9 0 0 0 9 0 0 0 45 0 0 0 10 
0 48 83 0 16 10 0 63 0 0 42 30 34 51 0 136 42 69 0 0 0 10 0 57 61 0 15 0 6 79 0 0 14 8 0 36 8 0 0 0 0 0 87 0 36 0 10 49 12 0 90 40 0 0 0 0 72 0 0 38 0 0 81 0 
54 62 0 0 0 18 0 18 0 0 18 121 0 54 0 0 63 0 54 0 0 0 0 48 0 0 0 24 5 0 5 0 0 24 0 0 0 5 0 0 18 0 0 10 0 0 25 0 0 0 0 18 59 72 0 27 0 0 0 72 0 8 0 0 
21 45 73 0 14 43 35 35 49 0 47 100 0 21 7 100 8 0 35 28 0 4 0 0 0 70 16 0 112 4 0 0 49 7 0 44 0 0 0 0 14 0 9 0 7 0 36 0 0 0 79 49 42 81 42 0 0 0 8 27 72 43 32 0 
0 0 0 0 0 27 0 2 0 0 0 0 0 4 0 0 0 0 10 0 0 0 0 2 0 10 0 0 0 0 0 0 0 0 0 0 0 0 0 0 12 0 10 3 49 3 0 0 0 56 8 0 0 7 0 0 64 0 0 5 7 0 0 29 
12 32 63 0 0 0 20 0 0 8 0 16 0 12 4 24 0 0 0 0 6 0 54 0 0 20 20 0 56 36 2 12 0 16 0 81 3 14 0 0 0 0 98 34 42 0 10 0 0 60 81 0 26 0 38 0 0 0 0 0 0 54 0 0 
0 0 56 0 8 35 0 61 49 27 59 53 10 27 12 56 16 0 25 0 18 8 0 0 0 27 74 6 88 0 0 36 49 67 14 35 0 36 8 0 8 0 6 0 7 0 0 0 0 54 20 18 0 3 42 0 0 0 16 0 0 79 0 0 
0 0 0 0 0 10 0 0 14 9 10 63 0 45 0 0 0 0 0 0 0 0 0 0 0 0 0 18 16 0 0 0 14 38 0 10 0 0 0 0 0 0 0 0 37 0 0 0 0 40 0 0 0 14 0 0 35 0 0 0 5 2 0 10 
0 9 0 0 62 3 0 0 2 2 0 14 0 19 0 0 0 0 0 0 0 0 10 18 0 0 0 13 0 14 8 35 3 45 0 0 0 0 0 56 4 0 56 0 0 12 0 49 0 11 0 0 9 64 0 0 0 0 0 0 0 3 0 0 
54 63 54 0 15 12 0 14 54 0 12 69 54 0 30 54 42 12 46 0 0 18 97 0 0 10 38 0 84 0 20 40 0 0 0 18 10 0 0 0 12 0 0 40 56 30 0 0 24 81 8 54 36 0 20 18 0 0 40 48 0 72 0 0 
6 61 0 0 0 30 0 18 18 88 0 105 36 95 0 52 0 0 0 0 0 6 54 0 45 0 42 20 61 0 7 0 0 28 0 0 2 42 0 0 36 0 10 44 49 0 35 0 54 42 67 18 43 7 0 0 0 0 0 0 49 117 0 0 
0 0 40 0 18 0 0 56 0 0 66 56 0 0 0 105 16 0 0 16 0 8 30 0 0 8 32 0 0 0 32 0 0 0 0 0 0 0 0 0 32 0 0 0 56 36 0 0 14 30 0 0 24 0 72 0 0 0 56 0 0 72 0 0 
0 0 54 0 0 3 0 0 45 27 0 0 81 26 18 0 0 37 0 0 0 0 0 10 15 3 30 0 12 0 0 0 0 0 21 18 0 0 12 0 0 0 5 0 45 0 0 0 24 0 0 33 0 0 0 0 15 0 0 25 0 21 0 0 
0 0 0 46 0 15 0 24 33 20 31 0 0 0 0 40 8 14 0 0 0 0 0 0 0 8 48 8 36 0 0 24 21 3 0 15 0 0 0 0 48 0 0 0 11 0 0 0 72 0 0 0 48 0 6 0 16 0 0 4 0 3 18 6 
40 72 28 0 35 24 0 0 54 0 0 0 0 21 0 71 0 0 0 0 0 12 35 0 0 0 0 0 105 0 28 0 24 35 0 63 0 0 0 0 46 0 0 0 0 42 0 48 0 43 0 0 72 0 45 0 0 0 0 0 0 0 0 0 
0 0 0 0 0 0 0 0 0 0 40 0 0 9 0 0 0 81 0 0 0 0 0 43 20 0 0 9 0 0 0 0 18 9 45 0 0 0 0 0 0 0 45 81 0 0 0 0 27 0 0 63 45 27 0 54 0 0 0 45 0 3 0 0 
18 0 0 0 0 21 0 45 4 8 0 0 0 14 46 0 40 0 0 0 0 0 0 0 10 0 0 0 14 0 0 0 0 9 0 0 0 35 0 0 3 0 0 0 7 0 10 33 6 18 65 21 25 0 18 3 15 0 0 0 49 0 0 0 
30 96 0 0 0 37 0 10 99 0 10 45 0 0 0 0 44 59 37 0 0 0 0 0 0 0 0 0 0 28 0 7 27 0 0 35 0 0 56 0 46 0 9 0 81 0 0 0 0 9 0 10 111 28 0 96 63 0 0 40 0 0 18 0 
0 58 16 0 0 14 0 0 7 81 5 70 81 18 12 99 8 0 35 0 0 0 0 0 45 0 35 0 8 0 0 16 7 1 0 5 4 0 0 0 0 0 8 0 1 0 0 0 0 0 40 18 0 72 8 72 32 0 16 24 64 64 16 25 
54 25 17 14 0 18 0 57 0 26 48 40 0 0 0 40 4 0 23 0 12 0 0 30 42 9 28 0 0 4 0 36 6 32 0 9 0 24 0 0 0 0 13 0 24 0 0 0 0 36 35 9 0 45 28 0 0 0 0 174 40 0 0 54 
18 0 39 8 0 0 30 5 0 6 0 0 18 0 6 6 6 4 25 0 49 0 0 0 18 55 10 0 4 12 14 4 2 56 0 33 0 0 0 12 8 0 60 0 2 29 0 56 8 9 38 0 36 0 85 6 28 0 0 0 15 56 0 9 
0 0 109 0 12 49 0 0 0 28 0 27 36 25 0 40 8 57 0 18 7 0 45 0 35 9 67 42 101 56 9 10 0 0 21 75 42 0 0 16 48 0 87 25 118 0 0 0 37 35 42 0 27 10 81 72 100 0 45 17 7 45 61 0 
4 0 0 0 32 42 0 0 30 0 0 0 0 0 0 28 0 24 42 0 0 4 54 0 0 0 6 0 54 8 0 0 0 16 0 0 0 0 0 0 0 0 0 30 68 0 0 28 0 42 0 21 0 0 0 0 22 0 0 4 0 54 18 0 
0 49 4 0 0 63 0 4 0 3 0 77 0 84 0 0 7 0 0 0 0 0 0 54 0 0 0 33 7 0 7 0 0 39 0 0 0 8 0 0 28 0 28 21 0 7 35 0 0 0 0 1 7 84 0 63 63 0 0 5 0 9 14 35 
0 0 0 27 0 0 0 0 72 12 24 68 0 40 0 54 0 30 0 8 3 0 0 0 0 4 7 16 18 0 4 6 0 40 0 0 0 6 0 81 16 0 1 0 82 0 0 0 63 9 54 0 12 8 49 0 18 0 20 0 0 0 0 9 
45 25 10 0 0 81 35 33 18 28 0 103 0 0 7 104 0 53 54 14 21 0 0 0 0 87 97 23 63 36 7 51 0 56 0 45 0 42 72 0 112 0 61 9 69 9 14 54 72 63 61 98 111 81 235 0 85 0 35 25 40 0 45 45 
0 0 12 0 9 57 0 0 0 29 0 0 4 16 0 16 16 16 0 0 8 0 5 0 30 0 48 48 24 32 4 0 0 0 24 0 48 0 0 0 6 0 0 0 0 46 0 0 15 29 0 2 0 0 0 0 32 0 0 8 48 7 0 24 
87 18 0 0 0 68 10 0 32 0 20 3 0 20 2 0 0 12 0 2 6 0 0 10 27 11 36 36 32 24 1 0 43 4 18 20 36 0 0 0 12 0 5 0 47 0 0 0 0 2 0 0 33 0 21 0 24 0 5 94 6 4 0 81 
0 0 0 0 24 0 0 0 0 0 0 0 0 0 0 24 0 39 0 0 0 0 40 0 0 0 0 0 0 0 32 40 4 0 10 0 0 0 0 64 0 0 74 18 12 48 0 0 6 40 0 14 10 40 0 12 24 0 0 6 0 0 27 0 
48 40 16 0 9 0 0 0 18 0 0 64 0 0 0 112 0 6 3 0 0 6 15 0 6 0 0 0 36 12 12 33 2 30 0 69 0 0 24 48 0 0 48 0 50 18 0 36 0 63 40 0 0 120 0 0 42 0 0 38 70 0 0 30 
0 15 36 14 3 23 0 54 0 17 36 73 6 65 0 24 40 4 0 0 2 0 86 42 42 4 21 26 81 62 4 12 12 28 6 0 12 0 0 0 4 0 3 46 63 7 0 18 0 68 15 0 0 34 0 0 13 0 0 11 26 81 0 5 
0 0 0 36 0 0 0 0 0 27 0 24 0 0 0 0 0 18 0 16 0 0 0 0 81 8 0 0 0 0 71 18 13 0 10 0 0 0 0 54 68 0 64 18 65 0 0 0 6 0 0 28 34 0 72 39 0 0 40 0 0 0 0 0 
0 0 0 0 64 0 0 0 0 0 0 0 35 12 42 8 8 0 0 0 0 0 40 6 0 7 0 0 0 10 32 30 0 20 49 0 0 0 28 48 0 0 51 0 0 68 0 35 0 52 0 63 0 30 0 0 0 0 0 15 20 0 0 12 
22 30 48 0 0 25 0 36 77 0 25 48 0 0 0 90 0 0 0 0 0 14 0 0 0 0 0 5 40 0 0 25 35 5 0 25 0 9 0 40 0 0 49 0 5 0 0 0 0 0 30 9 0 79 0 0 0 0 0 63 48 5 0 0 
0 0 0 72 48 78 0 24 0 18 0 0 0 0 0 8 8 0 24 0 0 0 0 0 54 0 0 0 0 48 42 12 6 24 6 24 0 0 0 36 40 0 48 4 6 78 0 42 36 12 0 0 0 0 18 18 20 0 0 0 20 24 0 32 
0 0 50 64 10 115 0 113 0 12 36 0 6 45 0 27 38 24 37 0 16 10 0 42 54 0 117 51 40 150 0 43 12 24 29 57 42 18 40 32 64 0 53 0 0 72 0 32 129 27 0 0 54 40 45 18 36 0 0 7 7 32 4 0 
0 0 0 0 64 0 0 63 0 3 0 21 0 15 32 27 32 0 0 0 0 0 0 0 0 0 54 15 0 16 0 0 0 44 0 0 0 0 0 0 54 0 0 0 0 0 8 56 81 0 8 0 74 3 0 0 12 0 0 0 0 0 0 0 
0 0 0 0 15 24 0 33 56 12 48 0 93 0 92 80 0 14 5 49 9 0 25 0 0 18 21 0 0 0 20 18 0 24 42 0 0 58 24 36 0 0 3 0 8 30 0 63 44 52 84 54 0 0 21 0 0 0 0 36 56 21 0 0 
0 5 2 48 0 52 0 105 0 0 0 8 56 0 79 8 121 0 24 0 56 10 0 0 12 0 0 56 56 36 0 0 0 0 6 87 0 0 0 0 0 0 16 0 0 54 18 14 36 0 23 0 45 9 72 0 27 0 0 3 8 24 0 0 
0 20 8 32 9 121 0 79 0 0 0 32 56 0 63 32 105 0 28 0 56 0 15 0 0 0 0 56 56 24 12 0 0 0 4 79 0 0 0 0 36 0 27 9 0 63 14 0 24 15 34 6 35 36 12 0 66 0 0 12 32 16 0 45 
0 0 0 0 0 0 0 0 0 0 0 0 0 0 0 0 0 0 0 0 0 0 0 0 0 0 0 0 0 0 0 0 0 0 0 0 0 0 0 0 0 0 0 0 0 0 0 0 0 0 0 0 0 0 0 0 0 0 0 0 0 0 0 0 
0 27 15 0 0 9 0 27 6 0 36 30 3 15 0 21 18 0 0 0 0 0 0 21 21 0 0 0 0 27 0 0 15 0 0 0 0 0 0 0 12 0 0 0 0 0 10 9 6 3 0 40 27 0 0 0 0 0 0 0 0 0 0 0 
36 10 43 0 0 21 0 54 0 0 36 16 15 30 0 16 36 2 0 0 0 0 0 42 54 0 5 0 2 54 0 0 16 0 0 3 0 35 0 0 0 0 0 0 58 0 0 18 4 40 59 0 0 23 0 0 35 0 0 34 70 0 0 46 
0 63 0 49 0 21 0 5 14 35 42 0 0 0 0 49 14 0 25 0 0 0 0 0 0 39 0 0 0 0 0 82 21 0 0 0 0 0 0 64 28 0 64 0 0 0 0 0 14 7 20 0 63 40 0 0 0 0 0 0 0 0 0 0 
10 0 0 0 16 0 0 0 12 4 0 0 81 4 2 75 0 0 63 0 3 4 0 0 0 0 70 0 0 4 0 6 0 19 0 0 0 6 0 0 1 0 1 0 0 0 0 21 0 15 2 0 0 0 7 1 0 0 0 0 0 0 0 45 
81 0 0 0 0 0 0 0 27 60 0 0 0 6 0 0 0 15 0 0 27 0 0 0 57 0 63 0 0 0 0 54 9 72 0 0 0 54 0 0 0 0 9 0 63 0 0 0 18 81 0 0 0 0 117 0 9 0 0 63 0 0 0 81 
0 7 44 27 0 0 0 16 99 0 42 8 0 6 0 81 18 45 0 0 0 0 0 0 0 0 0 0 19 16 1 30 0 0 0 36 0 5 0 111 0 0 84 2 81 45 5 0 55 27 66 4 1 30 0 0 27 0 0 20 45 0 0 36 
9 63 28 32 0 58 0 100 0 0 0 72 0 54 0 0 0 0 46 0 0 0 0 0 3 0 0 0 9 24 9 0 1 0 4 16 0 16 0 0 0 0 0 18 4 36 45 0 24 0 0 22 9 0 12 0 0 0 0 105 0 16 0 9 
0 0 46 0 0 12 0 14 0 0 42 26 76 0 48 56 4 8 0 42 0 2 0 0 0 8 28 0 8 0 0 0 0 0 56 12 0 0 32 0 0 0 0 0 0 0 54 0 28 0 0 128 0 0 0 0 0 0 4 0 0 18 48 0 
48 10 85 8 0 17 0 42 6 99 0 82 109 82 40 31 24 18 0 16 28 10 0 0 95 8 75 17 39 0 22 4 2 80 0 27 0 0 0 12 78 0 40 0 58 8 6 120 99 48 32 14 69 24 127 14 25 0 40 6 16 81 0 0 
0 0 0 35 40 0 0 0 0 25 0 0 0 0 0 48 10 88 8 0 0 0 0 0 0 10 0 0 0 42 0 38 16 20 40 40 0 0 64 72 0 0 40 72 0 0 0 35 80 0 48 56 40 32 0 48 0 0 0 0 0 0 0 0 
0 49 45 0 0 10 0 81 14 0 64 56 54 87 0 59 54 102 35 0 0 0 0 63 63 0 35 0 23 81 7 0 50 2 45 10 0 7 0 0 0 0 45 95 21 0 35 27 27 8 0 70 52 1 0 54 31 0 0 6 1 2 27 27 
