0 64 0 18 0 0 48 0 0 0 2 22 0 0 0 40 0 0 0 6 24 0 0 48 35 16 14 14 44 16 4 16 0 32 0 20 0 64 16 8 0 0 0 0 24 18 18 0 0 0 0 16 0 24 30 0 0 10 0 4 0 0 0 0 
0 49 24 0 28 0 0 0 21 0 42 24 28 35 0 0 40 0 80 12 12 0 22 0 0 0 0 20 0 0 0 0 21 0 42 0 36 0 0 0 18 9 24 24 0 0 54 0 0 24 0 0 0 21 0 0 9 0 62 3 0 0 12 0 
0 10 12 0 10 49 0 0 44 10 0 0 0 0 40 56 0 0 0 40 0 0 0 0 0 0 0 0 0 28 10 0 0 0 16 8 0 0 7 16 0 0 6 0 0 6 0 0 18 0 81 0 10 0 0 0 0 10 35 35 0 0 0 14 
49 32 36 0 69 35 24 0 4 0 63 0 7 0 35 35 0 2 0 0 12 0 35 0 0 0 67 0 4 26 0 0 0 16 45 5 54 37 0 4 18 14 47 12 0 0 81 0 0 0 0 28 0 13 0 0 7 50 21 28 63 9 0 0 
28 0 32 0 0 0 12 0 0 0 18 42 0 0 0 0 0 24 24 9 0 51 0 12 24 24 59 0 0 0 22 0 0 0 36 18 0 0 24 0 0 0 0 0 6 0 27 0 36 0 0 24 0 0 21 28 54 15 0 0 0 0 0 24 
56 0 0 0 35 88 59 42 51 91 105 0 7 35 20 70 8 0 0 92 0 0 112 74 0 0 114 56 0 0 0 18 27 0 8 4 16 95 63 0 8 0 27 14 14 21 0 9 99 0 63 40 35 0 0 24 0 35 0 32 56 0 0 0 
0 0 0 72 15 0 56 28 0 15 0 0 0 0 0 86 0 45 0 0 0 0 64 0 81 45 0 28 0 0 45 0 8 0 89 0 0 0 0 0 0 0 66 48 0 9 0 0 27 0 36 0 55 0 0 0 0 15 0 76 0 20 0 45 
0 0 0 0 0 0 0 0 25 0 30 0 0 0 0 0 0 0 0 0 0 0 0 0 0 0 0 0 0 0 0 0 0 0 0 0 0 0 0 0 0 0 0 0 10 0 0 0 20 0 0 0 0 0 0 0 0 0 0 0 40 0 0 0 
42 20 72 0 25 0 0 0 55 65 45 9 19 65 0 0 0 36 0 0 0 54 0 0 0 45 60 0 8 0 44 0 0 0 54 2 0 63 45 32 0 0 18 10 0 15 0 0 45 0 45 0 25 2 0 42 14 25 0 0 0 45 6 36 
12 0 0 0 5 0 12 0 22 5 18 0 0 0 0 0 0 0 0 16 0 0 32 0 8 0 6 20 0 0 0 0 4 0 0 0 0 24 0 0 0 0 12 0 4 3 0 0 29 0 9 0 9 0 0 0 18 5 0 0 16 0 0 0 
6 0 0 0 0 0 0 0 6 0 64 0 0 25 72 24 0 0 0 16 15 0 0 0 32 0 24 10 48 0 0 5 0 0 0 0 31 12 0 0 0 0 0 0 0 60 0 0 48 0 0 48 22 0 0 0 72 54 0 0 0 0 0 18 
35 0 0 0 0 93 59 0 0 0 0 0 24 0 30 3 23 0 0 48 8 2 72 23 0 0 0 78 0 36 0 0 9 6 0 0 10 0 9 0 0 0 27 48 0 0 0 0 5 0 81 38 0 0 0 22 0 28 45 45 6 0 20 18 
24 0 0 0 35 25 0 0 12 38 0 0 0 0 15 39 0 7 0 18 0 2 25 3 0 0 45 7 0 3 0 0 0 6 12 3 0 0 0 12 0 1 0 27 0 21 4 0 63 0 63 0 35 0 0 7 0 35 0 20 0 0 0 0 
0 0 0 0 63 0 0 0 21 0 0 24 72 0 0 0 0 0 0 0 0 0 6 0 0 0 18 0 18 0 0 0 3 0 12 0 0 0 0 0 72 9 0 0 0 0 0 21 0 12 0 56 0 63 0 0 0 0 0 3 0 0 0 0 
0 63 24 0 0 0 0 0 0 0 42 0 0 9 45 3 0 0 18 5 0 0 24 0 0 0 6 0 0 0 0 0 54 6 30 0 46 0 24 0 6 36 24 0 0 0 54 33 0 0 0 54 24 63 30 54 27 48 6 0 0 12 0 75 
41 12 0 0 0 18 0 0 0 0 0 0 0 0 21 28 30 0 0 27 12 0 0 12 0 0 0 21 56 0 12 0 4 0 0 0 6 0 0 0 0 0 0 0 0 35 0 0 3 0 0 6 12 0 0 9 0 63 0 0 9 0 0 21 
99 23 9 0 0 54 50 0 0 0 40 27 0 25 0 0 6 0 0 54 15 0 0 24 0 0 0 60 3 27 18 5 6 5 0 0 27 40 0 0 10 0 0 0 0 30 0 0 6 9 0 27 78 0 0 42 0 0 0 0 0 9 20 0 
15 0 0 0 0 116 20 0 30 0 0 27 0 56 0 97 0 0 0 20 0 0 91 0 0 59 95 25 72 18 0 12 0 0 9 0 0 30 32 0 8 72 64 30 74 57 0 0 32 0 8 0 5 27 96 0 0 101 0 28 0 0 0 27 
0 0 56 40 54 0 32 0 0 0 56 109 0 99 9 77 16 41 64 0 69 94 8 32 73 43 45 72 32 0 25 7 0 0 30 0 21 40 0 0 8 40 0 0 16 42 81 0 0 0 5 0 28 24 80 0 0 0 0 39 0 0 0 0 
0 127 0 0 9 24 48 0 0 0 0 0 63 72 0 0 0 0 36 0 51 0 36 0 0 0 0 45 0 16 0 0 0 32 0 8 0 56 0 8 0 0 0 0 0 0 0 8 0 27 0 0 0 24 0 0 0 0 0 0 0 0 0 0 
0 0 0 0 0 0 18 0 12 0 0 3 0 16 0 0 0 0 0 0 0 0 48 0 0 18 0 0 0 0 0 0 6 0 0 0 0 0 0 0 0 0 18 0 0 0 0 0 0 0 0 0 0 0 0 0 0 0 0 0 0 9 2 0 
16 0 0 0 48 0 0 0 0 0 0 40 0 0 8 0 0 0 0 0 0 48 0 0 0 16 40 0 0 2 0 0 0 0 0 0 0 0 0 8 0 0 0 18 0 0 72 0 0 0 0 0 0 0 0 0 0 0 0 0 0 0 0 0 
0 0 0 0 48 18 32 0 16 72 0 38 0 0 0 0 0 0 32 0 0 20 44 0 30 0 8 0 0 4 0 0 30 8 2 0 64 0 32 0 0 72 0 4 12 0 0 0 0 0 0 0 0 6 140 72 0 0 0 0 0 0 0 0 
0 0 0 0 40 0 0 0 41 0 0 0 42 40 10 46 0 0 0 10 0 0 10 32 56 45 0 0 56 0 0 0 25 0 4 8 0 58 9 0 0 0 18 0 16 0 0 0 0 1 0 0 0 6 24 0 42 0 0 0 0 54 0 0 
0 0 49 0 21 0 3 0 0 18 0 0 24 56 0 0 14 56 0 0 42 0 15 0 0 0 6 63 6 0 0 0 1 0 36 0 0 35 0 0 25 41 3 0 0 0 24 0 0 0 0 0 0 42 0 0 0 0 0 21 0 0 0 0 
0 6 20 0 72 0 12 57 40 0 35 0 0 64 0 9 0 0 0 0 0 0 18 21 45 72 0 36 0 0 0 9 54 6 70 0 30 0 0 0 0 0 74 0 0 0 45 0 0 0 0 0 48 0 0 0 0 0 0 63 0 0 24 0 
35 21 0 36 3 0 0 42 18 20 4 20 0 0 32 53 0 1 0 20 0 0 0 42 0 0 2 28 8 9 21 50 25 0 8 4 0 16 0 0 9 7 4 6 0 36 0 0 0 0 0 0 21 0 0 8 0 4 0 8 0 0 0 0 
56 0 0 0 117 12 0 0 48 45 0 0 0 0 82 32 54 0 0 0 24 0 0 0 18 0 0 0 64 0 0 0 0 0 0 0 0 24 54 0 0 0 0 0 0 67 0 4 81 6 81 32 45 0 0 0 0 165 24 0 90 0 0 24 
0 5 6 40 0 0 0 7 34 107 81 0 9 45 56 94 14 25 0 35 0 0 20 0 45 25 115 0 0 0 30 0 0 5 44 7 0 116 101 43 0 30 3 18 0 42 0 0 0 0 5 0 0 0 25 59 0 0 0 15 0 0 0 0 
110 16 82 0 32 72 20 35 16 0 0 90 0 0 0 31 0 48 0 0 6 72 8 35 20 0 40 36 38 66 32 15 35 8 76 2 0 14 0 2 0 32 0 20 24 20 0 0 0 18 0 30 0 18 32 104 0 36 0 0 0 90 16 60 
20 12 0 0 0 0 0 0 25 0 0 0 0 40 0 0 0 0 0 0 0 0 0 0 0 45 0 0 0 0 12 0 4 0 0 0 0 0 0 0 0 0 0 0 0 0 0 0 0 0 0 0 12 0 0 0 0 0 0 0 0 0 0 0 
0 0 0 0 0 77 0 0 40 0 48 21 0 0 0 10 0 0 0 0 0 0 14 0 0 0 0 0 0 22 0 0 0 0 7 0 0 0 2 0 0 56 16 14 58 0 0 0 32 0 18 0 0 21 56 0 0 0 10 10 64 0 0 4 
9 98 45 72 9 6 18 12 174 81 72 97 99 112 24 0 0 0 36 0 51 0 48 0 27 0 0 173 17 9 35 72 6 0 39 0 96 68 81 56 36 27 39 0 0 120 0 0 0 63 0 47 32 0 63 8 0 42 0 43 0 3 30 0 
125 8 42 27 81 122 16 70 35 9 0 0 0 104 25 39 16 39 0 36 36 0 41 58 0 63 63 110 36 43 18 18 18 8 62 0 32 30 9 28 21 48 42 81 0 0 0 0 4 9 105 28 64 39 0 12 0 30 60 140 45 0 32 45 
35 35 35 0 0 30 0 63 59 0 0 21 42 72 0 27 5 0 0 45 0 0 0 83 0 81 0 35 0 0 0 27 27 0 0 0 10 56 0 0 0 0 0 0 63 0 0 0 5 63 0 52 0 0 0 15 0 7 0 28 0 63 14 0 
12 10 12 0 0 0 67 0 44 0 0 0 0 32 0 54 0 0 0 16 0 0 75 0 0 36 1 20 0 0 10 0 1 1 0 0 0 88 4 16 16 6 81 0 0 0 0 0 0 0 0 0 76 0 5 9 0 0 0 0 0 36 0 81 
0 0 0 27 18 0 20 36 82 0 91 63 6 57 4 0 0 0 0 0 15 0 12 0 0 0 32 66 24 0 0 29 6 0 69 0 15 12 32 0 44 18 54 0 36 69 0 0 64 24 8 7 20 0 0 0 0 7 0 75 64 0 5 0 
0 35 35 0 24 45 0 0 16 24 27 0 59 15 0 108 0 8 0 0 0 0 80 0 0 0 115 0 8 72 0 0 0 0 0 2 0 101 27 0 72 56 78 54 63 0 0 0 0 63 0 42 0 2 0 0 14 39 0 64 0 18 0 0 
21 0 24 63 12 0 0 35 0 0 7 35 0 0 0 15 0 18 0 6 0 27 0 35 0 0 15 49 14 0 12 71 15 0 27 0 0 28 0 0 0 0 0 12 0 63 0 0 0 0 0 0 0 0 0 21 0 0 15 14 0 0 6 18 
0 41 0 0 51 0 12 0 24 9 0 36 146 40 0 0 0 21 38 20 15 0 20 24 9 48 54 25 48 0 12 0 0 6 18 45 0 93 75 0 42 3 27 4 12 0 66 39 0 18 0 88 48 51 0 0 63 78 11 0 0 81 26 48 
42 25 30 0 0 36 0 0 51 40 0 24 21 0 24 24 6 0 0 78 0 16 6 48 0 0 0 98 12 0 25 0 3 48 12 3 12 27 0 40 18 9 24 0 0 0 0 0 6 12 0 12 0 3 0 90 21 0 0 3 0 27 0 0 
7 0 0 0 48 6 0 0 0 0 0 40 0 0 8 27 1 0 0 36 0 66 0 31 0 16 40 70 0 0 0 0 0 54 0 0 2 0 0 0 0 0 0 0 0 0 72 0 1 0 0 2 0 0 0 66 0 0 0 0 0 0 0 0 
0 0 0 40 19 12 0 0 10 0 0 0 0 0 0 159 0 30 0 2 0 0 21 64 101 25 10 0 64 45 25 0 0 0 30 0 0 0 0 0 45 35 44 34 32 0 0 4 0 0 5 0 0 0 48 0 0 20 5 15 0 0 2 0 
16 40 0 72 27 24 46 0 63 24 54 0 0 0 0 79 0 81 0 0 15 0 0 16 14 0 18 0 16 91 48 0 0 20 72 5 64 35 0 5 121 111 36 126 26 0 0 8 36 24 64 0 0 71 12 0 0 36 0 0 72 0 0 72 
0 49 0 0 27 0 63 0 8 0 0 0 21 28 10 49 45 0 108 49 9 18 59 27 0 64 0 78 0 0 0 24 29 54 4 2 0 48 0 0 20 0 23 48 0 0 0 32 0 9 0 0 24 28 48 63 12 104 74 0 0 12 12 91 
0 42 0 0 0 0 6 0 26 75 78 0 6 36 0 0 40 0 64 0 0 0 0 0 0 0 36 0 0 0 0 0 36 0 0 0 24 54 54 0 0 3 0 12 8 0 0 0 16 0 0 0 0 42 21 0 18 0 32 0 32 0 0 0 
104 0 64 0 25 0 0 0 59 0 54 0 0 0 0 73 0 55 0 2 0 72 0 0 0 8 54 0 48 69 32 3 0 0 72 0 0 0 0 24 63 49 28 103 18 30 0 0 36 0 0 0 0 0 6 56 0 87 5 0 72 0 2 66 
0 3 36 8 0 0 32 0 34 81 63 30 0 0 20 57 0 5 21 35 0 0 28 20 9 45 35 0 0 0 15 0 0 3 59 34 126 8 40 0 9 9 68 0 10 0 126 28 0 0 1 40 24 0 63 0 0 81 7 3 0 0 12 56 
0 0 0 0 0 18 0 0 0 0 0 0 7 0 0 0 0 0 0 0 0 0 0 0 0 0 0 0 4 0 0 0 0 0 0 1 0 9 0 0 0 0 3 0 0 0 0 6 0 0 0 0 0 1 0 0 7 0 0 0 0 9 0 0 
6 45 45 27 0 0 0 0 6 9 0 9 54 0 0 3 0 27 0 0 0 0 0 0 0 0 0 0 0 0 18 0 0 0 27 0 24 72 0 0 15 18 0 18 81 0 0 0 0 90 24 54 24 21 0 0 0 9 0 36 0 39 6 54 
0 25 25 0 35 0 0 4 2 80 0 3 30 0 112 0 63 0 0 4 28 0 20 0 0 0 5 4 0 0 0 0 0 5 5 0 8 40 20 0 0 30 6 0 45 21 0 0 63 45 63 54 35 0 25 63 0 40 0 27 21 9 2 0 
21 33 59 81 73 0 10 0 11 0 9 53 100 72 0 14 10 30 16 0 42 27 23 0 0 0 37 128 36 18 12 72 1 5 31 0 0 61 0 0 83 42 8 12 0 81 0 0 0 16 0 0 40 78 0 21 0 8 0 34 0 0 20 18 
0 0 0 0 0 0 32 21 49 32 36 120 4 20 0 12 0 0 64 3 0 42 14 24 0 40 24 7 0 0 0 24 16 6 28 0 0 36 36 0 42 21 0 23 0 0 0 0 0 28 0 0 0 0 86 7 0 25 0 7 0 0 0 0 
2 0 42 9 48 0 0 8 6 3 9 49 0 48 8 0 12 21 0 0 36 48 6 0 12 16 49 62 0 0 6 0 0 0 19 0 8 30 0 0 11 36 12 6 0 0 72 18 18 3 8 48 0 25 0 0 27 0 0 32 0 27 6 9 
0 0 0 16 15 0 0 0 10 0 0 0 24 0 16 53 0 15 0 0 0 0 0 0 18 10 10 36 0 45 10 0 0 0 12 0 0 0 0 0 45 35 20 30 0 0 0 0 0 0 2 28 0 0 0 0 0 48 0 6 0 0 20 0 
35 97 8 48 0 30 36 49 0 0 14 0 0 7 0 82 5 30 0 45 18 0 0 69 54 30 0 35 0 12 30 21 63 24 46 6 22 42 0 6 0 0 8 0 0 0 18 0 5 0 6 10 56 67 0 15 21 0 0 18 0 28 0 63 
46 8 16 45 69 0 6 0 18 0 5 25 48 0 0 63 0 21 0 0 3 18 0 0 0 0 40 35 22 87 8 40 0 4 18 1 0 27 0 17 117 63 36 90 0 45 0 0 0 0 0 0 0 45 0 14 0 36 0 10 0 0 0 12 
56 0 64 0 0 0 0 12 0 16 18 0 56 10 36 28 0 48 0 0 0 72 0 0 0 0 52 93 56 0 32 0 0 0 87 0 0 18 18 0 0 0 18 4 0 35 0 0 0 0 0 63 0 0 0 56 0 126 0 21 0 0 45 69 
9 0 3 0 0 100 42 0 0 0 0 75 0 16 0 24 0 0 48 0 0 30 40 0 0 0 88 6 1 21 0 0 0 0 6 0 0 8 16 0 6 48 0 12 46 6 0 0 16 3 4 5 0 18 90 8 0 0 0 32 0 3 0 0 
0 0 0 0 0 0 0 0 182 0 18 96 0 72 0 21 0 0 0 33 0 14 12 37 24 113 28 49 0 0 8 0 6 42 24 24 0 32 104 0 36 18 0 0 14 0 36 0 12 32 0 32 0 0 0 49 0 20 0 6 24 72 16 0 
0 56 0 0 8 49 24 0 22 0 0 9 0 8 26 14 9 0 0 11 4 0 14 0 8 0 3 0 0 28 0 0 53 3 4 2 2 28 28 0 6 18 0 0 0 0 0 0 0 1 63 6 0 56 15 27 24 0 35 35 3 27 6 14 
0 42 0 18 0 0 0 0 10 16 26 25 2 16 0 0 0 0 0 0 0 0 0 0 8 0 18 14 4 0 0 16 36 0 0 0 0 26 18 0 0 0 0 4 0 18 0 0 12 0 0 0 0 42 0 0 36 0 0 4 0 45 10 0 
49 40 104 0 30 0 0 0 88 0 0 0 16 64 0 36 0 42 0 8 0 63 0 0 0 72 39 0 68 0 68 0 0 0 63 0 0 0 0 64 12 0 24 16 0 40 0 21 0 0 0 56 32 14 0 49 0 72 20 0 0 16 8 102 
29 80 141 18 12 0 0 0 54 25 34 10 43 132 15 0 28 36 36 0 81 27 29 0 0 0 17 120 6 1 57 20 0 0 27 0 12 53 0 76 15 45 27 9 0 42 0 6 0 15 0 16 16 34 0 31 0 0 8 31 0 0 0 18 
