14 16 16 17 17 24 17 18 16 20 21 19 17 17 15 20 21 18 17 16 16 14 14 17 20 14 15 17 15 21 23 13 18 18 19 20 21 16 17 15 20 19 16 21 17 17 21 14 18 18 21 18 17 16 21 16 17 19 21 19 17 18 14 16 
15 14 13 15 15 20 17 18 11 17 16 17 18 19 13 17 12 12 19 14 19 14 16 17 15 16 14 14 13 18 17 17 16 15 13 16 15 18 12 14 19 17 15 16 17 18 15 13 18 21 18 11 18 13 19 15 18 13 17 17 12 13 17 17 
17 18 14 15 17 25 20 20 17 20 19 22 22 18 16 20 23 17 23 19 23 19 19 22 18 19 15 20 14 23 20 20 12 21 19 23 23 17 18 13 21 23 20 21 22 18 18 17 17 19 20 18 17 18 19 19 19 17 20 19 19 18 18 16 
15 17 15 11 18 20 20 20 17 20 21 24 18 20 16 16 21 16 18 17 20 17 16 18 16 18 16 17 14 22 22 19 16 20 18 17 18 16 16 17 19 21 17 17 20 20 18 15 19 26 20 20 18 18 23 13 22 17 19 21 17 19 21 17 
14 15 10 16 14 18 15 13 12 19 17 21 17 16 12 14 15 13 15 14 18 17 16 15 13 16 12 12 10 19 16 15 13 16 16 12 18 17 16 15 16 20 16 15 16 17 15 14 17 19 20 13 14 13 17 10 19 17 15 16 17 15 13 12 
14 13 12 11 12 17 13 17 10 15 16 16 16 14 13 12 13 9 16 11 12 10 11 17 16 16 13 14 13 17 17 20 17 16 12 15 18 11 12 13 17 15 12 16 14 19 16 12 12 16 16 13 12 10 14 12 15 13 18 17 13 15 12 12 
17 15 12 13 18 21 17 19 14 21 18 20 22 18 17 18 19 17 16 16 20 14 17 17 16 17 12 18 18 18 20 18 13 17 18 17 20 12 20 16 20 24 17 15 18 16 16 14 20 18 19 16 17 19 18 17 17 15 22 16 16 17 17 15 
14 17 12 17 12 22 15 16 11 21 19 17 15 15 13 13 14 14 16 15 16 19 17 17 16 15 13 15 14 20 16 15 15 18 21 15 17 17 16 14 17 18 15 16 14 22 16 11 18 18 16 17 12 17 15 14 19 14 18 15 17 15 14 12 
13 16 12 12 15 20 17 17 11 19 17 19 12 17 13 18 14 16 19 15 18 14 16 18 15 18 13 12 16 14 17 18 15 16 11 18 15 16 13 14 18 19 19 15 18 18 16 17 14 20 21 15 16 12 17 13 19 16 18 14 13 11 15 16 
14 17 10 14 16 20 16 17 12 19 18 15 18 18 13 17 21 17 17 13 15 16 13 17 16 14 14 16 15 17 20 19 17 17 17 18 21 20 14 14 21 17 20 15 15 17 19 14 18 22 22 13 18 14 21 15 17 15 17 15 16 16 13 16 
9 15 8 14 10 18 14 15 16 17 17 18 17 21 15 15 16 13 16 10 15 13 14 15 14 16 14 13 16 13 20 19 16 16 9 13 13 16 13 15 17 17 15 11 15 16 16 15 12 20 21 13 19 12 18 10 20 12 15 14 13 11 17 16 
13 17 9 13 13 20 14 16 12 17 15 18 17 15 18 18 18 12 17 17 16 17 16 16 15 15 12 16 17 17 20 16 15 17 14 17 21 14 14 11 17 14 15 13 18 16 18 12 12 17 17 9 17 13 17 13 19 15 17 13 14 17 18 18 
16 17 12 12 12 18 13 21 14 18 17 23 17 18 12 15 18 15 20 15 17 19 17 19 16 13 15 15 15 19 19 19 18 18 16 18 17 19 15 11 21 22 15 19 18 17 19 15 14 21 20 19 17 14 18 15 22 17 18 15 15 13 17 14 
15 20 13 17 16 25 14 21 15 20 21 20 22 20 15 22 17 14 22 15 22 17 19 18 20 15 15 17 16 21 20 17 20 21 19 16 21 19 17 14 24 19 20 18 17 22 20 16 17 24 24 14 20 14 24 19 20 17 20 20 16 13 17 20 
14 20 11 17 14 20 16 21 13 22 22 17 17 16 18 14 18 10 19 18 14 15 17 17 19 15 15 17 14 15 15 18 15 18 17 16 18 16 12 15 20 16 15 18 16 17 22 15 18 19 21 20 12 14 16 12 22 14 16 12 16 13 15 15 
19 13 16 18 20 22 16 18 13 23 20 21 19 20 18 22 21 16 20 18 25 17 19 20 20 18 17 18 17 22 24 24 18 21 16 20 24 19 18 19 22 23 20 18 18 21 21 18 19 23 22 19 21 12 24 13 20 19 21 16 15 20 18 20 
11 17 6 14 13 18 13 20 16 19 17 18 17 20 15 16 15 15 16 14 16 16 18 14 11 18 13 11 18 17 17 18 14 18 17 15 14 15 15 15 16 20 15 11 12 19 14 12 16 19 18 13 15 18 18 14 19 11 13 15 14 6 18 14 
17 12 11 13 16 20 14 18 11 16 14 17 15 16 14 12 16 15 14 13 18 13 14 16 14 15 12 15 12 15 19 17 14 19 15 15 20 11 16 10 18 20 13 17 20 15 14 15 15 15 19 13 14 16 18 15 18 13 19 13 12 15 13 13 
17 17 15 15 19 19 18 19 17 21 22 23 23 22 19 18 22 12 19 17 18 17 15 18 15 15 17 16 15 22 17 21 16 18 20 19 24 15 14 14 20 20 16 18 17 17 21 17 19 17 21 15 16 13 19 15 22 19 17 17 16 17 14 14 
14 15 12 12 11 16 12 16 12 16 18 20 14 18 14 14 16 15 16 12 17 15 13 16 13 17 12 14 14 17 18 16 16 16 17 18 16 14 15 13 17 19 14 15 19 15 12 12 15 18 20 13 14 14 14 17 19 11 19 14 15 12 16 14 
12 11 13 12 16 18 12 16 12 20 16 18 14 18 13 16 17 16 15 10 14 14 11 17 14 15 11 12 15 19 17 16 16 16 14 18 16 18 13 15 18 19 19 16 12 14 17 13 16 20 20 14 20 15 17 14 19 16 17 14 16 15 13 14 
14 17 12 12 16 17 16 17 12 20 17 19 16 15 13 16 14 12 15 14 10 17 9 15 17 15 14 19 16 20 16 13 14 14 14 19 19 15 12 11 19 18 14 17 15 16 16 10 18 16 18 16 18 11 16 12 18 16 18 11 16 19 13 15 
12 15 11 11 17 14 15 16 12 15 15 21 14 16 12 11 16 13 14 13 16 18 12 15 13 14 13 14 11 17 14 17 12 18 16 15 20 12 10 12 14 17 11 13 15 15 16 11 14 18 20 18 13 11 17 9 19 15 13 11 15 13 13 15 
15 16 15 15 21 24 21 20 16 20 19 23 16 18 19 19 20 18 19 18 21 20 15 18 17 20 16 18 16 24 23 18 15 22 21 21 20 19 14 18 18 22 19 16 16 17 18 14 21 22 21 18 19 18 23 11 21 17 19 17 18 20 21 19 
17 15 12 15 16 23 15 20 14 18 19 19 16 15 14 16 17 16 23 18 16 15 17 19 16 13 16 16 18 17 19 17 17 19 17 18 21 15 15 14 18 19 18 17 16 18 19 13 16 19 20 12 18 16 21 15 20 16 16 17 16 14 16 13 
17 16 14 17 20 22 16 19 14 21 18 22 17 19 21 17 21 17 20 20 19 13 15 18 18 18 15 15 20 18 19 23 17 18 15 17 19 18 17 18 17 21 18 15 16 18 23 16 19 24 20 14 16 15 21 11 20 18 20 20 16 16 17 18 
9 14 12 9 7 14 12 17 13 17 15 16 16 15 11 14 15 10 12 12 14 10 13 15 16 14 10 15 10 15 18 15 13 15 13 14 14 11 13 13 18 18 13 14 12 11 14 10 13 15 18 15 14 9 16 10 19 11 15 14 16 14 15 13 
13 16 9 12 10 20 13 17 10 18 18 12 12 13 11 11 14 12 17 12 15 12 12 13 11 11 8 10 11 9 17 16 11 15 16 14 13 13 15 10 18 12 13 16 14 11 13 9 14 17 17 14 15 13 13 13 16 10 18 11 16 11 16 13 
11 14 12 15 13 19 15 19 14 22 18 19 18 16 17 17 19 13 18 14 16 13 15 19 21 17 18 16 15 20 17 18 11 17 13 19 18 14 16 13 18 22 19 16 14 16 20 15 18 17 18 15 13 14 16 10 21 13 18 12 16 16 14 17 
10 14 10 11 14 16 14 17 11 17 15 18 16 13 10 11 14 12 16 14 14 17 14 13 12 12 14 14 15 17 14 17 17 15 12 16 16 12 13 11 11 16 11 8 12 18 13 12 11 15 13 11 10 10 15 8 14 14 14 12 9 9 15 9 
16 18 12 16 16 18 16 19 16 20 22 19 21 19 13 15 18 13 20 17 19 17 17 16 15 13 15 15 13 19 21 22 11 18 19 14 21 16 20 16 18 20 17 16 13 21 19 12 21 20 22 17 14 15 22 14 19 14 17 16 14 18 16 13 
17 13 12 16 12 22 12 16 9 19 21 16 14 17 16 18 16 14 17 12 19 12 14 14 18 13 11 14 16 14 21 21 15 21 14 16 20 16 16 14 20 16 16 16 14 19 20 14 18 19 21 19 18 12 21 11 18 15 18 13 13 16 14 14 
14 14 11 14 16 17 14 19 11 20 17 17 16 18 14 16 18 14 15 13 20 16 12 10 15 16 10 14 15 19 17 18 17 19 16 13 18 16 16 15 13 18 13 11 11 19 13 10 14 21 18 15 16 11 17 13 16 13 18 14 17 13 15 14 
12 17 12 13 16 22 14 20 13 21 20 19 18 17 14 21 22 18 21 18 19 19 19 17 15 13 15 15 17 18 21 19 17 17 18 20 19 22 14 17 22 19 19 14 16 19 20 15 19 23 22 16 20 17 20 17 21 17 19 15 13 16 16 19 
11 16 16 12 13 18 16 17 12 18 19 19 17 19 13 17 18 14 16 15 17 17 12 17 15 15 16 14 13 21 18 18 14 15 16 19 18 16 14 12 16 18 15 15 14 19 20 13 19 16 19 15 12 12 16 12 19 14 17 17 13 17 11 13 
13 17 13 12 16 18 17 20 11 18 18 18 17 11 14 16 17 10 16 18 16 17 16 17 14 17 15 17 15 19 15 18 12 15 18 18 18 15 14 17 19 18 13 14 15 17 18 15 16 15 16 14 13 15 16 13 17 12 18 14 14 16 12 12 
12 15 10 12 13 20 17 17 8 18 16 15 14 12 14 15 17 15 17 15 16 18 15 12 14 15 12 15 14 14 15 18 16 21 15 14 16 15 12 15 14 18 14 14 18 20 16 12 17 17 16 16 13 12 17 10 19 15 14 15 14 14 15 14 
15 9 12 14 15 22 15 15 13 20 16 18 14 17 14 11 14 13 16 13 15 13 14 20 15 14 14 14 13 14 17 15 13 14 12 16 16 15 14 13 18 19 15 17 17 11 18 17 15 16 18 17 17 16 14 9 21 16 14 11 12 14 17 13 
15 16 14 16 17 21 22 18 14 20 19 23 14 18 17 17 17 13 19 17 15 16 16 19 17 17 17 19 20 19 19 16 18 19 18 17 17 21 10 17 19 19 15 20 17 19 22 16 19 24 21 18 19 16 21 10 22 18 17 17 17 17 19 17 
16 15 17 14 18 28 16 19 11 21 22 19 18 17 16 14 18 15 20 20 23 20 17 20 15 15 12 14 13 20 19 20 16 17 18 18 23 17 18 11 22 17 18 19 17 17 17 17 19 20 21 19 18 19 19 19 20 19 20 19 16 17 17 18 
14 10 11 9 11 20 12 13 10 14 16 18 10 14 12 12 13 11 15 11 17 15 14 19 15 13 12 15 14 14 17 19 15 19 15 18 20 13 15 13 17 17 15 11 17 18 16 18 10 15 16 14 12 13 14 10 19 13 15 10 10 16 12 8 
14 19 14 17 16 28 18 20 17 22 22 20 22 22 18 20 17 15 18 16 22 19 19 23 15 18 19 19 18 23 23 20 17 21 21 19 18 17 18 14 23 21 20 20 17 22 21 17 21 18 20 21 18 21 21 18 20 15 21 19 15 18 18 17 
17 17 15 18 19 24 20 19 14 21 19 22 19 20 18 19 18 16 18 17 23 18 18 16 16 20 16 17 17 21 18 20 14 18 19 19 21 17 16 15 17 18 18 18 19 19 21 15 17 19 23 16 17 15 20 8 23 12 20 14 16 14 16 15 
12 15 11 11 9 19 15 14 12 13 17 16 16 10 11 14 15 10 21 16 17 13 15 14 15 13 12 11 11 13 19 17 11 17 14 13 15 14 12 12 20 16 14 16 13 13 13 9 16 15 16 14 15 9 17 13 15 12 17 16 18 16 15 14 
14 14 12 13 14 17 15 19 16 20 22 21 18 17 16 17 20 12 18 15 16 14 18 17 19 18 16 18 17 17 19 20 17 18 15 20 18 18 13 20 23 23 18 14 17 15 18 17 15 20 22 19 21 13 18 13 22 13 15 12 17 15 17 14 
14 17 9 17 15 17 16 20 14 18 19 21 22 19 14 17 20 13 18 13 16 17 15 15 12 14 16 15 14 19 17 18 14 15 18 14 16 20 14 13 19 21 15 15 15 14 17 12 17 19 21 15 18 15 20 15 19 12 16 14 16 14 19 15 
17 15 14 16 17 26 15 20 15 20 20 15 19 21 18 20 21 17 21 15 22 17 17 20 19 16 15 19 19 16 23 21 20 21 18 21 19 19 17 15 22 21 20 16 18 21 21 17 16 20 20 14 19 16 19 17 17 12 20 19 14 14 16 16 
15 18 11 11 10 18 12 18 12 17 17 17 16 15 14 16 20 15 21 16 20 17 20 17 15 15 15 14 18 15 20 23 16 19 15 20 19 18 16 13 21 17 17 11 17 20 16 12 11 19 18 12 20 12 17 16 17 12 18 13 13 13 18 16 
18 17 16 21 19 25 20 21 15 25 20 21 21 24 19 16 20 18 20 20 20 16 19 18 22 18 19 18 15 21 23 21 19 22 18 20 25 15 21 15 17 19 17 20 19 21 17 16 20 22 20 18 13 17 20 17 21 19 21 15 15 17 21 16 
9 6 7 6 9 9 8 10 6 9 8 9 10 10 8 9 8 6 7 7 13 6 11 9 6 12 7 7 7 13 11 11 7 9 12 8 10 7 7 9 11 8 9 9 9 8 7 8 9 11 12 8 8 9 11 7 8 5 10 9 9 7 9 9 
6 10 10 10 11 14 12 13 8 15 14 9 10 12 8 8 10 13 9 7 11 13 9 11 11 10 11 11 7 10 10 13 8 15 9 9 11 10 12 10 12 13 15 11 14 12 12 8 15 13 13 11 8 12 11 7 14 11 12 11 10 12 11 13 
11 16 12 16 11 19 11 15 13 15 17 22 16 17 14 16 15 9 18 19 18 15 19 17 16 16 16 16 15 17 19 21 14 22 14 15 17 18 14 16 19 15 15 15 15 21 19 14 15 19 20 15 13 14 21 12 20 14 15 17 12 18 16 15 
13 14 12 14 16 19 15 18 13 15 15 21 16 19 15 18 17 16 13 14 19 18 18 15 13 17 16 16 12 19 17 18 12 17 19 17 22 18 14 14 17 17 17 12 18 15 16 15 12 17 20 13 17 16 18 13 21 13 13 12 12 13 18 15 
16 15 17 16 18 20 14 14 15 20 21 22 17 20 16 20 20 16 19 18 22 17 18 20 20 16 20 15 17 19 19 22 16 19 15 21 21 20 15 18 20 21 19 13 17 20 22 18 18 23 19 14 18 14 21 14 20 20 15 19 13 14 18 16 
12 17 13 15 16 21 18 18 14 20 18 21 16 15 16 18 20 13 17 15 16 18 15 19 18 18 11 18 15 21 22 15 18 17 17 17 18 17 12 17 19 22 17 17 14 19 18 17 15 23 20 18 18 14 18 15 20 17 21 16 20 17 12 16 
11 12 11 14 13 23 13 14 10 17 19 18 15 16 12 17 15 16 13 10 15 14 13 15 15 11 12 17 15 19 15 11 20 16 17 16 17 16 15 12 19 18 16 14 14 14 15 13 14 16 18 17 19 15 17 14 16 15 16 13 14 14 13 11 
13 14 9 16 14 15 15 16 11 18 17 19 18 18 17 13 15 9 13 14 17 12 14 14 13 17 13 15 11 19 16 19 9 18 16 11 17 12 13 15 14 18 12 15 12 15 16 10 22 17 20 15 12 13 20 8 18 11 14 12 12 16 16 13 
12 16 10 15 12 21 12 18 12 17 18 16 13 16 14 19 18 18 16 15 13 11 13 15 16 15 10 17 18 18 18 17 16 17 13 18 18 19 12 13 18 18 18 16 14 16 15 11 15 16 21 16 17 12 18 18 16 15 19 14 13 18 13 16 
15 20 12 20 17 21 19 18 15 21 22 24 17 19 17 19 20 18 22 15 19 20 17 17 17 16 16 16 18 18 22 19 14 24 20 21 20 20 17 17 19 19 18 20 17 22 18 16 18 22 20 20 19 16 20 18 22 19 18 13 17 14 20 21 
16 15 9 13 16 20 14 21 13 18 15 13 16 18 13 18 15 13 16 13 17 14 13 16 14 12 14 17 15 15 19 17 13 14 14 15 19 20 10 12 18 18 12 15 14 17 20 12 15 17 19 14 19 11 18 12 18 13 14 14 10 15 16 17 
13 16 10 12 18 24 17 19 17 21 19 18 22 17 16 16 18 12 20 17 17 16 15 17 17 15 15 16 16 18 17 20 19 15 14 18 18 20 13 15 22 19 16 16 19 19 18 16 16 19 18 15 16 16 18 12 21 14 18 18 13 18 17 17 
16 16 16 13 18 23 15 24 14 20 17 20 18 17 17 17 16 18 18 17 24 19 17 20 18 17 15 18 18 21 21 20 18 18 16 17 22 18 19 14 19 23 16 15 16 21 19 13 16 21 21 17 19 19 20 15 21 12 20 17 15 14 19 19 
7 11 7 10 11 13 11 11 11 15 12 14 14 13 10 8 10 10 12 11 11 12 12 13 12 12 12 10 9 13 11 12 10 15 8 9 13 8 14 9 13 16 14 10 11 10 9 8 14 11 9 10 7 11 11 9 11 14 9 11 11 11 14 9 
14 17 14 18 12 22 14 18 12 22 19 19 15 19 17 18 17 14 21 18 17 15 18 15 16 18 13 13 16 19 15 17 15 19 16 16 11 18 11 14 17 18 18 17 17 19 16 12 18 21 21 17 17 14 17 14 21 17 17 17 16 14 19 16 
