1475 1418 1346 1353 1071 1322 1257 1384 1536 1422 1291 1155 1374 1246 1325 1305 1349 1187 1318 1442 1583 1401 1282 1352 1443 1379 1054 1460 1293 1143 1400 1426 1402 1274 1308 1376 1136 1307 1186 1138 1252 1274 1400 1382 1158 1086 1289 1521 1436 1250 1157 1304 1545 1308 1339 1178 1209 1095 1267 1377 1211 1169 1398 1333 
1324 1237 1308 1010 1043 1383 1099 1022 1442 1210 1296 1255 1273 1174 1352 1369 1159 1407 1286 1378 1410 1307 1265 1143 1343 1318 1068 1446 1317 1185 1321 1383 1407 1329 1233 1203 1177 1115 1056 1020 1376 1256 1329 1311 1238 1111 1217 1501 1157 1259 1087 1255 1430 1051 1244 1072 1296 986 1049 1272 918 1102 1546 1284 
1317 1219 1262 905 950 1377 1067 1007 1548 1151 1339 1285 1342 1241 1313 1297 1195 1244 1130 1394 1426 1221 1179 1152 1279 1124 1100 1376 1367 1254 1311 1381 1420 1300 1177 1180 1201 1184 1066 1083 1374 1208 1295 1189 1129 1091 1278 1450 1287 1258 1008 1355 1329 1098 1250 1075 1355 1033 1046 1254 1082 1118 1527 1295 
1311 1181 1207 1009 1139 1350 1120 1254 1545 1342 1214 1192 1339 1178 1160 1293 1239 1260 1289 1271 1419 1277 1299 1293 1343 1190 1138 1413 1333 1198 1230 1306 1436 1289 1130 1152 1264 1128 999 1006 1254 1294 1317 1150 1247 1027 1187 1476 1204 1377 988 1294 1343 1153 1102 1105 1172 1093 1103 1326 1005 1017 1437 1342 
1492 1504 1358 1089 1205 1392 1282 1317 1542 1436 1353 1192 1427 1301 1455 1315 1331 1308 1338 1541 1587 1328 1223 1423 1283 1242 1246 1584 1366 1347 1344 1520 1474 1390 1310 1361 1347 1393 1183 1188 1282 1345 1407 1531 1304 1061 1289 1385 1319 1369 1321 1282 1415 1290 1279 1187 1153 1219 1303 1256 1100 1165 1593 1412 
1365 1434 1354 1108 1097 1325 1283 1226 1459 1391 1218 1155 1303 1302 1168 1371 1313 1221 1187 1467 1597 1341 1360 1294 1355 1240 1062 1444 1277 1208 1403 1526 1330 1104 1228 1148 1249 1311 1098 1122 1277 1240 1360 1359 1093 969 1160 1360 1258 1297 1144 1160 1394 1254 1186 1287 1259 1190 1068 1260 1146 1120 1593 1398 
1306 1286 1291 1071 1112 1357 1205 1236 1409 1359 1225 1261 1326 1257 1210 1429 1145 1334 1307 1346 1455 1206 1304 1291 1322 1319 1099 1425 1435 1176 1364 1359 1337 1234 1205 1266 1207 1043 1171 921 1118 1203 1216 1325 1168 1012 1179 1344 1238 1257 1068 1161 1400 1189 1189 1236 1177 1043 1140 1267 1025 1129 1444 1189 
1468 1307 1291 1097 1045 1339 1039 1236 1496 1324 1316 1314 1246 1190 1329 1414 1307 1232 1273 1358 1580 1296 1240 1296 1313 1363 1101 1432 1345 1249 1561 1330 1487 1362 1324 1432 1165 1310 1057 1155 1351 1277 1347 1276 1222 1077 1304 1592 1441 1422 1022 1236 1421 1127 1255 1164 1299 1251 1103 1264 1091 1311 1558 1312 
1725 1520 1450 1226 1512 1610 1329 1443 1831 1576 1518 1419 1564 1423 1484 1584 1351 1622 1514 1646 1818 1541 1414 1542 1476 1508 1313 1733 1506 1451 1592 1634 1578 1460 1522 1467 1494 1518 1172 1306 1577 1526 1507 1616 1444 1256 1438 1761 1428 1557 1307 1464 1647 1334 1402 1338 1409 1316 1289 1546 1240 1243 1791 1634 
1536 1428 1417 1129 1168 1452 1114 1339 1732 1452 1342 1382 1400 1316 1374 1408 1368 1438 1341 1482 1575 1291 1409 1356 1420 1355 1146 1655 1493 1247 1505 1447 1436 1268 1365 1358 1305 1348 1225 1155 1459 1179 1479 1371 1307 1156 1281 1476 1408 1377 1222 1487 1463 1307 1301 1315 1385 1169 1261 1414 1117 1299 1622 1433 
1450 1332 1443 1077 1177 1596 1237 1302 1599 1419 1412 1432 1359 1276 1346 1351 1307 1486 1406 1455 1639 1259 1363 1335 1364 1362 1164 1588 1469 1286 1521 1377 1427 1400 1373 1403 1364 1196 1172 1164 1449 1315 1320 1339 1302 1215 1310 1546 1362 1268 1145 1441 1494 1325 1266 1345 1374 1105 1254 1263 1056 1230 1726 1427 
1368 1369 1469 1141 1092 1494 1178 1293 1523 1299 1369 1283 1448 1374 1388 1389 1273 1319 1340 1373 1607 1468 1230 1347 1414 1355 1339 1644 1423 1349 1395 1449 1521 1409 1429 1450 1381 1310 1192 1189 1365 1338 1365 1415 1273 1142 1260 1502 1392 1409 1182 1259 1615 1281 1325 1297 1255 1150 1353 1377 1172 1315 1581 1535 
1554 1309 1317 1088 1100 1439 1193 1294 1664 1385 1288 1311 1317 1274 1391 1355 1363 1419 1304 1619 1608 1248 1332 1348 1322 1429 1140 1445 1223 1279 1491 1427 1432 1317 1237 1431 1299 1207 1167 1298 1444 1220 1378 1368 1301 1130 1246 1542 1383 1449 1246 1446 1433 1213 1239 1266 1325 1097 1296 1340 1180 1247 1653 1330 
1468 1294 1265 1107 1181 1298 1130 1191 1392 1387 1311 1281 1208 1240 1331 1354 1264 1202 1222 1383 1629 1213 1347 1309 1261 1289 1001 1510 1312 1221 1410 1462 1267 1145 1255 1377 1230 1206 1117 987 1231 1143 1284 1355 1135 1009 1314 1367 1268 1292 1022 1241 1380 1165 1223 1223 1178 1118 1197 1149 1120 1165 1569 1386 
1479 1418 1540 1144 1262 1510 1216 1425 1650 1602 1409 1491 1439 1448 1445 1500 1372 1479 1372 1481 1702 1468 1529 1435 1451 1507 1225 1551 1494 1409 1545 1470 1399 1469 1432 1394 1357 1387 1314 1174 1518 1416 1451 1365 1321 1267 1478 1568 1432 1555 1190 1521 1539 1281 1355 1363 1418 1241 1158 1386 1077 1393 1663 1579 
1150 1130 1111 913 1016 1231 856 1052 1268 1216 1139 1149 1090 1115 1217 1234 1108 1185 1154 1179 1370 1099 1160 1174 1195 987 957 1344 1090 1119 1241 1181 1377 1278 1024 1213 1057 980 832 948 1208 1102 1179 1084 1151 986 1159 1348 1128 1188 875 1217 1246 1036 1022 1045 1127 989 1008 1207 878 1080 1412 1111 
1479 1327 1329 1106 1111 1471 1325 1316 1544 1449 1263 1307 1397 1142 1292 1210 1256 1348 1427 1334 1483 1350 1227 1341 1353 1346 1196 1605 1396 1075 1343 1353 1440 1396 1441 1397 1234 1184 1137 1124 1357 1250 1332 1183 1270 1238 1184 1458 1521 1174 1060 1395 1518 1235 1237 1287 1368 1083 1240 1454 1049 1180 1512 1447 
1214 1122 1088 900 939 1180 930 968 1354 1139 1100 1034 1065 1015 1127 1137 1057 1059 1013 1120 1284 1084 1111 1095 1111 981 938 1259 1074 986 1091 1203 1241 1150 973 1077 1091 1062 861 911 1109 1034 1088 1160 1074 949 1071 1305 1034 1102 1075 1118 1158 1019 1015 1033 1003 860 930 1084 793 908 1282 1082 
1324 1139 1144 1017 1017 1208 924 1106 1420 1137 1129 1169 1197 927 1331 1194 1037 1182 1148 1387 1262 1172 1132 1123 1100 1169 1110 1409 1131 1178 1305 1154 1340 1164 1085 1301 1139 1214 867 955 1270 1107 1219 1119 1057 1064 1162 1392 1240 1184 992 1234 1286 1145 1141 1099 1236 1056 1155 1154 1011 1103 1419 1314 
1137 1068 1139 873 883 1181 1009 928 1178 1081 1103 1037 1010 1135 1104 1078 1018 989 1036 1060 1194 1077 1106 1017 1104 957 899 1223 1184 1023 1116 1131 1166 1166 1005 1114 995 950 859 868 1079 1137 1063 1075 1050 953 1131 1144 973 1040 910 1131 1220 1016 971 1049 1114 875 889 1010 792 852 1259 1114 
1497 1331 1340 1085 1024 1550 1126 1178 1494 1174 1313 1313 1271 1163 1407 1303 1210 1432 1304 1430 1458 1242 1269 1223 1346 1296 1197 1581 1446 1234 1450 1255 1351 1318 1322 1490 1328 1185 1099 1058 1325 1257 1185 1305 1324 1274 1195 1544 1315 1271 1155 1432 1433 1171 1291 1231 1324 1064 1313 1273 952 1183 1590 1336 
1414 1362 1168 888 1005 1296 1113 1092 1481 1273 1240 1271 1258 1142 1321 1281 1188 1209 1234 1345 1415 1309 1092 1208 1223 1223 1027 1474 1245 1196 1369 1274 1439 1162 1212 1246 1247 1249 999 1097 1369 1279 1341 1190 1117 1005 1194 1480 1243 1153 1195 1251 1246 1069 1150 1030 1277 1127 1248 1191 1032 1110 1513 1192 
1242 1165 1269 984 1020 1381 1106 1036 1364 1057 1137 1185 1119 1080 1157 1090 1022 1049 1250 1230 1293 1200 1078 1105 1317 1022 1012 1352 1114 1055 1343 1225 1190 1116 1036 1078 1224 1088 944 1003 1356 1110 1315 1110 1155 1053 1089 1388 1198 1195 1111 1153 1242 991 952 1041 1125 905 1115 1254 953 1004 1401 1283 
1717 1418 1375 1197 1162 1457 1377 1420 1601 1370 1445 1501 1535 1415 1358 1551 1450 1516 1416 1587 1713 1425 1474 1333 1446 1511 1162 1540 1557 1369 1545 1469 1498 1477 1391 1611 1322 1279 1260 1173 1451 1365 1458 1430 1314 1164 1434 1740 1551 1442 1160 1518 1652 1397 1410 1355 1463 1173 1311 1393 1261 1275 1663 1470 
1525 1499 1430 1165 1155 1499 1283 1277 1697 1456 1387 1501 1449 1377 1521 1494 1391 1436 1366 1518 1710 1431 1422 1343 1522 1428 1243 1640 1416 1207 1537 1496 1496 1431 1407 1547 1357 1372 1193 1296 1505 1332 1372 1398 1333 1254 1343 1587 1382 1353 1178 1460 1525 1291 1388 1365 1399 1090 1278 1452 1151 1301 1668 1389 
1610 1299 1435 1162 1083 1467 1199 1286 1887 1391 1494 1383 1335 1357 1358 1555 1333 1301 1347 1537 1660 1340 1352 1360 1447 1428 1195 1525 1296 1227 1462 1411 1503 1406 1283 1471 1307 1286 1091 1334 1528 1428 1399 1460 1384 1200 1276 1762 1420 1338 1240 1354 1515 1341 1280 1319 1471 1093 1313 1429 1274 1170 1672 1350 
1411 1404 1219 983 1037 1308 1050 1073 1572 1190 1216 1198 1360 1169 1321 1420 1225 1326 1164 1414 1372 1287 1202 1190 1257 1164 1141 1467 1305 1289 1440 1314 1375 1214 1179 1339 1182 1248 964 1099 1507 1253 1359 1273 1216 1039 1257 1497 1347 1219 1134 1265 1372 1134 1246 1048 1264 1084 1248 1367 1160 1160 1451 1248 
1447 1303 1393 1233 1141 1571 1279 1354 1621 1451 1406 1293 1334 1359 1315 1488 1309 1341 1455 1446 1708 1397 1484 1301 1506 1311 1162 1602 1397 1388 1634 1469 1580 1500 1237 1504 1255 1279 1094 1242 1462 1369 1571 1372 1442 1155 1163 1679 1504 1394 1107 1283 1665 1242 1247 1333 1287 1156 1228 1346 1143 1253 1664 1441 
1231 1310 1232 1023 1147 1403 1144 1150 1445 1345 1342 1327 1345 1207 1321 1414 1169 1303 1146 1347 1533 1319 1264 1227 1381 1259 1083 1552 1251 1115 1396 1332 1410 1268 1223 1319 1180 1274 1147 1080 1348 1241 1334 1227 1219 1112 1201 1495 1204 1155 1069 1205 1378 1129 1214 1089 1238 1078 1180 1256 973 1032 1465 1323 
1296 1271 1103 921 987 1219 1156 1164 1274 1242 1122 1066 1168 1114 1076 1131 1089 1212 1190 1256 1331 1317 1153 1098 1182 1160 1053 1230 1126 1191 1243 1211 1192 1236 1086 1268 1099 945 828 1008 1197 1189 1110 1117 1140 984 1061 1325 1172 1079 959 1144 1305 1086 1197 1075 1124 1009 1053 1094 903 933 1392 1152 
1327 1067 1173 898 917 1295 1038 1049 1327 1110 1095 1209 1152 1096 1150 1172 1116 1104 1146 1165 1303 1223 1279 1075 1264 1183 1018 1302 1318 1091 1246 1164 1124 1241 1107 1195 1008 1005 954 953 1293 1086 1173 1097 1195 1055 1108 1318 1159 1224 991 1137 1306 1020 1176 1148 1137 889 1057 1101 939 933 1444 1260 
1317 1160 1262 970 1096 1281 1105 1153 1338 1244 1379 1300 1117 1269 1293 1249 1160 1163 1301 1239 1329 1124 1154 1223 1172 1141 949 1458 1237 1075 1161 1324 1298 1262 1140 1201 1271 1049 1079 963 1307 1200 1278 1239 1277 1041 1259 1354 1217 1167 1065 1232 1389 1177 1060 1073 1154 985 1114 1198 975 1027 1347 1293 
1234 1301 1194 941 1074 1264 1111 1047 1398 1247 1183 1134 1221 1270 1194 1307 1096 1229 1152 1182 1321 1238 1160 1175 1210 1153 1043 1494 1312 1085 1343 1261 1309 1235 1061 1213 1267 1078 837 985 1261 1153 1231 1199 1271 982 1170 1288 1205 1086 1038 1206 1435 1079 1133 1194 1120 1047 1060 1256 962 981 1279 1224 
1546 1574 1456 1240 1091 1577 1260 1385 1664 1484 1349 1337 1482 1321 1409 1567 1445 1450 1372 1629 1649 1547 1446 1324 1549 1440 1253 1656 1398 1348 1600 1450 1441 1323 1290 1494 1363 1281 1220 1252 1533 1353 1427 1563 1373 1275 1275 1698 1474 1465 1397 1396 1589 1332 1425 1350 1453 1177 1428 1407 1170 1239 1784 1375 
1438 1211 1412 1036 1039 1566 1132 1163 1588 1320 1271 1326 1317 1218 1388 1366 1282 1391 1379 1445 1515 1276 1221 1320 1295 1282 1268 1492 1325 1235 1480 1288 1360 1392 1300 1456 1366 1232 1089 1277 1402 1306 1225 1315 1269 1154 1236 1551 1266 1360 1129 1373 1465 1239 1229 1210 1343 1079 1316 1322 1050 1207 1516 1372 
1546 1593 1461 1104 1206 1520 1329 1415 1671 1618 1525 1394 1553 1433 1511 1559 1528 1563 1324 1650 1733 1468 1426 1424 1511 1489 1196 1676 1399 1459 1603 1623 1637 1481 1414 1416 1405 1359 1256 1276 1495 1392 1585 1489 1392 1181 1369 1538 1443 1409 1326 1456 1582 1348 1493 1412 1530 1354 1290 1546 1219 1290 1710 1483 
1370 1269 1402 1154 1206 1339 1208 1220 1403 1304 1352 1310 1245 1344 1319 1364 1300 1274 1326 1410 1604 1260 1299 1298 1484 1280 1051 1380 1301 1224 1559 1410 1421 1372 1267 1422 1202 1171 1149 1195 1396 1338 1347 1250 1193 1079 1246 1475 1326 1269 1052 1173 1403 1253 1087 1317 1297 1035 1134 1150 1049 1136 1527 1449 
1443 1423 1233 984 1147 1449 1151 1307 1467 1363 1218 1271 1271 1165 1266 1345 1196 1371 1266 1453 1502 1313 1193 1227 1369 1270 1043 1482 1293 1234 1489 1299 1306 1171 1215 1500 1247 1253 1038 1155 1377 1314 1316 1356 1258 1065 1255 1482 1263 1198 1171 1216 1457 1245 1249 1151 1316 1137 1100 1302 1017 1070 1553 1220 
1440 1378 1306 1199 1128 1410 1246 1318 1554 1445 1384 1354 1306 1226 1311 1480 1368 1334 1351 1423 1531 1231 1322 1386 1327 1261 1183 1526 1357 1211 1449 1392 1528 1377 1314 1503 1320 1191 1098 1146 1311 1270 1337 1260 1325 1104 1398 1605 1485 1285 1117 1292 1505 1344 1175 1242 1361 1103 1334 1353 1146 1221 1607 1329 
1464 1451 1349 1174 1027 1464 1228 1228 1533 1296 1186 1275 1391 1129 1330 1404 1359 1292 1196 1487 1466 1299 1302 1319 1284 1179 1245 1468 1350 1239 1318 1348 1509 1230 1220 1354 1310 1439 1125 1146 1341 1299 1308 1336 1199 1091 1364 1523 1284 1357 1212 1247 1381 1256 1256 1118 1354 1226 1313 1278 1181 1282 1629 1242 
1338 1235 1213 996 1073 1241 993 1321 1406 1374 1221 1141 1228 1233 1229 1316 1149 1184 1142 1264 1486 1150 1197 1277 1301 1246 829 1288 1116 1164 1295 1233 1201 1208 1116 1221 1097 1176 1033 1073 1273 1192 1166 1170 1178 1050 1201 1417 1144 1325 956 1251 1197 1046 1148 1084 1184 1091 985 1165 982 1048 1331 1270 
1314 1166 1277 1131 1107 1372 1094 1193 1409 1416 1211 1152 1187 1214 1261 1235 1255 1186 1267 1320 1385 1307 1297 1264 1349 1178 957 1531 1259 1107 1392 1206 1386 1334 1137 1326 1086 1064 1085 1048 1186 1235 1280 1165 1203 1065 1179 1319 1376 1128 1060 1343 1435 1158 1173 1266 1264 1058 1167 1164 887 980 1396 1267 
1456 1279 1367 1035 1204 1402 1205 1207 1453 1399 1345 1355 1192 1334 1251 1290 1228 1209 1429 1422 1559 1330 1219 1449 1435 1169 1172 1459 1342 1143 1420 1451 1371 1238 1329 1285 1300 1217 1165 1237 1363 1230 1349 1265 1249 1091 1154 1538 1336 1303 1137 1205 1373 1217 1052 1251 1226 1088 1268 1252 1054 1220 1584 1397 
1641 1456 1486 1122 1283 1427 1349 1470 1616 1583 1401 1419 1367 1345 1443 1449 1414 1496 1408 1572 1686 1449 1418 1370 1501 1501 1187 1613 1399 1294 1563 1540 1597 1313 1484 1464 1439 1420 1271 1243 1381 1411 1442 1475 1371 1119 1344 1618 1540 1465 1315 1464 1571 1294 1317 1412 1531 1331 1273 1505 1085 1225 1751 1572 
1301 1253 1082 1029 882 1242 1019 1207 1365 1352 977 1258 1314 1026 1110 1210 1144 1137 1151 1264 1266 1318 1119 1180 1328 1268 1022 1401 1338 1122 1332 1124 1188 1153 1099 1300 1048 1215 1083 950 1146 1121 1204 1111 989 918 1138 1279 1235 1152 1026 1085 1281 1144 1246 1140 1163 1089 1138 1086 1074 1127 1264 1181 
1589 1401 1470 1193 1188 1578 1303 1370 1842 1455 1500 1390 1489 1467 1449 1598 1407 1444 1428 1503 1654 1504 1432 1379 1584 1500 1247 1667 1458 1320 1591 1487 1609 1545 1326 1418 1400 1278 1160 1271 1543 1428 1546 1432 1460 1249 1357 1673 1467 1337 1136 1500 1744 1235 1414 1337 1478 1213 1300 1483 1179 1146 1614 1471 
1364 1240 1158 1056 1070 1245 980 1111 1403 1148 1213 1188 1160 1115 1264 1289 1081 1304 1315 1349 1300 1234 1123 1096 1276 1211 1061 1413 1246 1130 1417 1270 1366 1172 1126 1285 1243 1135 992 1012 1303 1163 1237 1168 1143 1065 1112 1428 1224 1199 1005 1197 1373 1081 1161 1125 1226 1066 1130 1259 1044 1056 1408 1330 
1368 1329 1302 945 1060 1370 1180 1279 1611 1310 1260 1219 1347 1239 1360 1314 1183 1308 1176 1394 1560 1268 1241 1163 1217 1251 1040 1466 1231 1179 1306 1239 1195 1269 1149 1253 1245 1196 1030 1107 1400 1376 1266 1363 1295 1099 1231 1416 1219 1128 1201 1367 1384 1222 1259 1142 1277 1099 1188 1215 1031 978 1551 1326 
1647 1570 1419 1213 1231 1522 1308 1321 1752 1503 1569 1468 1422 1449 1472 1660 1512 1573 1493 1648 1796 1394 1559 1381 1444 1387 1156 1616 1511 1411 1628 1589 1703 1474 1366 1528 1460 1288 1242 1309 1603 1466 1567 1456 1409 1242 1451 1726 1526 1422 1209 1446 1581 1365 1373 1354 1406 1254 1240 1389 1264 1385 1828 1330 
1546 1322 1288 1201 1256 1419 1181 1293 1489 1360 1364 1354 1394 1276 1291 1437 1374 1274 1364 1395 1517 1413 1274 1380 1429 1235 1273 1535 1362 1313 1455 1484 1495 1443 1275 1483 1357 1259 1148 1172 1291 1283 1419 1322 1268 1114 1246 1560 1457 1308 1130 1321 1558 1190 1210 1269 1233 1160 1262 1451 1161 1170 1443 1522 
1518 1424 1526 1282 1186 1603 1149 1344 1542 1505 1323 1338 1407 1338 1424 1369 1446 1441 1352 1449 1687 1507 1455 1366 1526 1244 1157 1672 1434 1317 1507 1565 1593 1428 1328 1310 1303 1331 1251 1222 1455 1328 1448 1529 1345 1243 1307 1616 1413 1485 1247 1434 1598 1304 1282 1320 1406 1124 1144 1475 1031 1290 1720 1424 
1240 1084 1211 945 975 1329 1102 1203 1418 1092 1203 1026 1193 1127 1257 1164 1129 1156 1041 1330 1367 1096 1092 1061 1101 1131 980 1198 1097 1186 1328 1134 1281 1173 1041 1196 1132 1085 1013 1062 1183 1251 1139 1148 1122 1014 1097 1370 1180 1132 980 1236 1285 1015 1144 1022 1212 949 1030 1160 925 871 1340 1247 
1328 1204 1101 923 922 1305 1166 1177 1409 1229 1145 1197 1163 1091 1087 1212 1143 1159 1102 1220 1319 1212 1173 1059 1291 1201 965 1380 1298 1134 1311 1164 1303 1143 1208 1203 1022 1069 1092 1064 1167 1178 1188 1129 1123 965 1002 1342 1215 1061 1105 1178 1301 1056 1115 1106 1284 1085 1104 1081 893 950 1443 1183 
1170 1125 1215 1051 891 1312 1045 1166 1416 1256 1164 1220 1185 1044 1181 1290 1048 1186 1062 1194 1192 1119 1145 1136 1230 1286 1005 1338 1150 1061 1238 1110 1324 1152 1107 1162 1093 1148 990 996 1175 1156 1213 1117 1153 1122 1139 1329 1149 1088 1039 1230 1333 996 1176 1089 1240 1071 1058 1278 956 966 1270 1113 
1404 1209 1405 1104 1182 1425 1225 1218 1525 1254 1357 1424 1365 1209 1405 1359 1131 1289 1162 1450 1554 1305 1360 1167 1452 1299 1112 1474 1322 1318 1436 1407 1425 1269 1140 1301 1179 1341 1013 1002 1348 1299 1465 1360 1270 1146 1346 1661 1309 1333 1233 1370 1496 1249 1165 1185 1425 1108 1115 1406 1084 1168 1556 1422 
1362 1190 1256 908 1048 1398 1118 1202 1403 1288 1256 1347 1163 1200 1166 1266 1246 1234 1272 1407 1515 1259 1257 1186 1300 1216 1021 1305 1245 1211 1460 1292 1233 1160 1120 1299 1225 1196 1060 1158 1325 1160 1372 1160 1114 1024 1189 1458 1288 1231 1133 1175 1379 1094 1092 1160 1226 925 1125 1235 1065 1183 1514 1282 
1425 1149 1344 1112 1093 1489 1127 1209 1460 1286 1195 1208 1204 1127 1340 1264 1173 1400 1232 1311 1516 1201 1335 1192 1236 1251 1027 1512 1357 1110 1264 1285 1432 1263 1254 1343 1198 1150 1113 1092 1251 1260 1256 1271 1259 1196 1173 1469 1252 1208 971 1439 1446 1191 1150 1237 1176 1066 1128 1225 886 1057 1546 1160 
1499 1345 1421 1041 1192 1475 1174 1189 1549 1337 1378 1384 1367 1318 1425 1497 1276 1429 1361 1478 1584 1389 1357 1288 1373 1355 1086 1659 1421 1266 1480 1441 1425 1375 1243 1386 1244 1220 1135 1204 1549 1347 1440 1431 1324 1171 1273 1512 1390 1336 1222 1306 1496 1246 1274 1284 1368 1158 1239 1297 1121 1219 1607 1369 
1352 1272 1353 1047 1234 1417 1165 1235 1552 1502 1342 1193 1348 1215 1320 1321 1198 1307 1386 1439 1482 1373 1261 1320 1296 1417 1012 1529 1300 1139 1317 1363 1393 1133 1294 1385 1278 1326 1069 1116 1360 1320 1302 1206 1139 1106 1202 1491 1255 1400 1069 1282 1277 1211 1215 1244 1262 1079 1147 1277 1005 1125 1458 1317 
1408 1149 1277 1087 1112 1477 1178 1309 1500 1425 1318 1337 1305 1380 1362 1322 1266 1309 1336 1341 1648 1267 1370 1314 1248 1173 1064 1531 1337 1253 1323 1342 1468 1398 1208 1367 1307 1142 1037 1087 1255 1214 1289 1252 1295 1140 1288 1484 1282 1425 1049 1429 1486 1166 1187 1286 1244 1083 1190 1288 1034 1137 1638 1391 
1517 1374 1317 1088 1150 1432 1203 1362 1579 1326 1309 1205 1356 1202 1436 1398 1238 1403 1287 1522 1561 1343 1324 1364 1404 1359 1115 1446 1344 1251 1357 1461 1502 1341 1230 1292 1157 1275 1204 1141 1352 1281 1431 1363 1318 1142 1238 1545 1345 1354 1226 1329 1484 1176 1296 1175 1219 1161 1235 1325 1076 1128 1607 1260 
1496 1293 1432 1133 1285 1497 1263 1294 1465 1305 1419 1418 1291 1312 1462 1382 1337 1377 1346 1473 1524 1297 1378 1288 1415 1323 1234 1575 1548 1315 1613 1425 1558 1396 1273 1490 1318 1207 1196 1079 1334 1254 1290 1361 1316 1133 1387 1586 1360 1433 1088 1397 1521 1275 1267 1282 1327 1111 1327 1369 1019 1135 1549 1496 
1396 1325 1254 1107 961 1235 1175 1226 1548 1357 1262 1314 1299 1202 1239 1342 1229 1271 1229 1365 1473 1294 1260 1206 1257 1329 999 1441 1324 1099 1355 1207 1414 1208 1282 1310 1224 1193 1063 1064 1358 1336 1335 1239 1184 1116 1221 1587 1371 1174 1074 1298 1378 1255 1191 1256 1285 1090 1151 1220 1078 1190 1551 1193 
1365 1096 1162 865 998 1283 951 1029 1367 1110 1157 1110 1139 1096 1184 1301 1179 1262 1053 1258 1298 1120 1158 1152 1044 1254 1110 1328 1213 1130 1167 1121 1205 1223 1111 1299 1047 1027 972 963 1201 1122 1127 1212 1109 968 1199 1346 1184 1090 943 1303 1498 1043 1048 978 1209 969 1167 1233 1006 1040 1393 1116 
