1165 1421 1318 1294 1225 1072 1056 1292 1039 1275 1127 1118 1211 1151 964 1223 1153 1470 1166 1068 1171 1255 1195 1152 1210 1417 1288 1294 1213 1163 1241 1411 1272 1199 1255 1192 1333 1341 1168 1190 1419 1031 1135 1236 1300 1253 1363 1292 1108 1237 1173 1171 1272 1056 1022 1241 1330 1206 1352 1047 1135 1278 1326 1307 
1103 1437 1296 1302 1320 1042 1044 1408 1111 1329 1154 1245 1474 1123 1199 1158 1076 1473 1106 1058 1356 1278 1242 1246 1406 1289 1286 1160 1264 1220 1351 1435 1317 1151 1397 1357 1178 1263 1079 1235 1489 1206 1175 1320 1270 1381 1525 1358 1283 1298 1214 1249 1379 1219 1239 1285 1227 1154 1388 1063 1143 1456 1291 1404 
1103 1377 1221 1311 1272 1078 1206 1404 1143 1288 1086 1263 1261 1072 1107 1134 1122 1383 1157 1057 1331 1492 1174 1376 1443 1327 1242 1154 1171 1327 1385 1408 1372 1185 1339 1346 1262 1333 1070 1237 1386 1253 1027 1165 1297 1456 1363 1241 1110 1347 1243 1171 1454 1131 1183 1270 1395 1009 1221 1045 1312 1391 1551 1383 
983 1262 1112 1234 1270 1027 1084 1339 1078 1120 1020 1048 1171 1026 1045 1124 1008 1319 1163 1151 1306 1169 1193 1172 1248 1268 976 1039 1049 1069 1196 1344 1180 1136 1178 1176 1132 1103 1125 1261 1304 923 1155 1000 967 1344 1356 1143 1246 1341 1091 1149 1156 1063 1366 1186 1169 999 1191 902 1074 1231 1171 1390 
1053 1229 1277 1336 1097 1093 1129 1401 948 1266 1265 1215 1296 1117 1088 1134 1179 1389 1039 1069 1232 1383 1181 1296 1293 1237 1337 1265 1162 1160 1262 1339 1366 1158 1430 1243 1146 1253 1113 1279 1501 1151 1187 1342 1349 1324 1332 1290 1190 1414 1266 1200 1322 1207 1146 1277 1212 1160 1460 1039 1272 1255 1389 1478 
1320 1471 1514 1517 1390 1289 1234 1551 1194 1425 1241 1230 1418 1248 1285 1276 1277 1527 1268 1092 1456 1454 1397 1217 1441 1415 1270 1294 1360 1333 1492 1524 1258 1192 1507 1450 1437 1373 1284 1472 1474 1199 1348 1271 1400 1514 1439 1348 1216 1503 1442 1353 1468 1282 1305 1424 1444 1184 1456 1266 1487 1534 1586 1541 
1070 1260 1222 1356 1137 1181 1102 1362 972 1073 1107 1155 1112 1141 1103 1136 1027 1253 1009 847 1246 1236 1052 1116 1328 1245 1106 1070 1077 1220 1238 1300 1224 1121 1284 1208 1062 1132 1001 1211 1298 1023 1025 1065 1245 1296 1185 1088 1016 1253 1188 1141 1187 1235 1043 1233 1182 1037 1168 1077 1147 1357 1339 1336 
1016 1419 1279 1328 1251 1152 1204 1462 1060 1281 1105 1206 1299 1054 1181 1090 1106 1266 1213 1104 1232 1349 1253 1047 1268 1327 1106 1134 1219 1203 1295 1359 1199 1113 1370 1266 1207 1150 1104 1262 1476 1153 1273 1222 1124 1396 1285 1163 1235 1275 1223 1257 1258 1126 1003 1309 1224 1026 1338 1018 1194 1345 1404 1365 
1083 1304 1219 1274 1149 1137 1140 1395 932 1270 1046 1168 1087 1097 1048 1078 993 1404 1254 1057 1206 1206 1234 1148 1194 1094 1099 1203 1186 1164 1256 1394 1024 1045 1299 1299 1194 1087 1049 1259 1273 944 1117 1048 1161 1341 1219 1163 1096 1287 1171 1184 1193 1072 1141 1341 1261 980 1175 1027 1251 1349 1285 1405 
1092 1398 1259 1239 1187 1062 1036 1332 1064 1292 993 1155 1235 1115 1085 1061 1059 1348 1132 989 1264 1235 1152 1209 1332 1285 1174 1111 1150 1283 1249 1417 1238 1140 1349 1271 1095 1278 1149 1081 1472 1104 1160 1063 1291 1298 1317 1254 1094 1242 1197 1146 1255 1108 1120 1164 1218 1105 1223 996 1090 1296 1292 1282 
1222 1426 1475 1318 1184 1201 1232 1385 1078 1365 1215 1290 1345 1264 1029 1204 1061 1391 1237 948 1237 1346 1348 1267 1310 1335 1265 1241 1338 1317 1220 1514 1375 1090 1369 1347 1343 1301 1185 1262 1387 1279 1241 1280 1289 1322 1432 1370 1123 1418 1228 1134 1392 1312 1325 1368 1319 1236 1404 1193 1271 1386 1345 1370 
1218 1300 1411 1373 1280 1127 1096 1498 1128 1192 1102 1253 1367 1059 1242 1165 1025 1414 1289 1109 1422 1344 1174 1360 1389 1306 1137 1223 1164 1410 1305 1461 1378 1177 1400 1240 1305 1356 1004 1267 1419 1264 1170 1113 1347 1509 1466 1311 1169 1342 1218 1233 1273 1153 1331 1252 1248 1110 1291 1140 1220 1473 1340 1289 
1364 1597 1469 1621 1492 1364 1505 1723 1315 1493 1275 1492 1500 1358 1373 1536 1325 1680 1271 1188 1361 1612 1447 1320 1580 1444 1417 1323 1351 1373 1571 1545 1551 1363 1604 1499 1548 1531 1399 1314 1598 1428 1372 1444 1447 1690 1618 1595 1313 1695 1423 1458 1571 1482 1485 1505 1663 1493 1594 1260 1548 1696 1613 1663 
1206 1427 1448 1326 1339 1204 1237 1626 1105 1334 1271 1318 1424 1187 1195 1224 1218 1579 1284 1004 1355 1411 1267 1357 1503 1390 1356 1290 1236 1291 1341 1462 1473 1373 1542 1461 1294 1320 1119 1390 1565 1283 1320 1282 1401 1485 1527 1435 1211 1445 1249 1258 1498 1278 1372 1419 1453 1245 1445 1057 1381 1540 1447 1453 
1106 1201 1222 1314 1115 1095 1093 1346 1133 1221 1039 1137 1126 1110 1060 1064 1042 1418 1117 1080 1232 1284 1060 1243 1382 1055 1030 1052 1111 1071 1302 1332 1214 1134 1249 1131 1205 1236 1058 1247 1362 1182 1167 1204 1179 1197 1404 1239 1168 1257 1064 1025 1266 1075 1218 1184 1306 981 1340 1079 1220 1192 1348 1354 
1151 1404 1247 1410 1307 1167 1245 1497 1141 1312 1093 1311 1322 1192 1163 1173 1096 1355 1221 1124 1353 1263 1225 1239 1392 1280 1117 1063 1225 1088 1312 1521 1245 1125 1306 1332 1354 1248 1101 1325 1423 1185 1202 1177 1177 1414 1373 1189 1337 1478 1259 1280 1323 1293 1327 1377 1326 1095 1415 1189 1147 1351 1287 1458 
1339 1377 1446 1331 1299 1188 1273 1594 1166 1349 1359 1285 1407 1178 1227 1186 1177 1454 1244 1095 1415 1443 1516 1360 1322 1453 1320 1319 1207 1356 1333 1452 1268 1134 1463 1502 1224 1361 1137 1422 1569 1158 1296 1348 1416 1458 1536 1392 1205 1483 1350 1273 1461 1133 1229 1459 1418 1110 1453 1148 1385 1419 1615 1424 
1183 1428 1343 1264 1342 998 1182 1462 1162 1393 1112 1258 1357 1098 1175 1244 1135 1412 1131 1108 1183 1338 1335 1329 1476 1289 1251 1246 1192 1374 1330 1457 1359 1166 1355 1347 1302 1299 1141 1216 1527 1153 1128 1111 1317 1396 1352 1366 1267 1324 1283 1197 1407 1209 1337 1263 1401 1247 1398 971 1301 1451 1491 1356 
1315 1405 1383 1226 1352 1022 1316 1513 1233 1431 1126 1287 1315 1074 1091 1094 1176 1363 1262 1175 1289 1236 1470 1245 1300 1321 1151 1261 1154 1292 1440 1397 1217 1165 1339 1373 1173 1301 1223 1347 1483 1114 1178 1305 1332 1431 1394 1323 1189 1432 1162 1216 1499 1244 1225 1205 1440 1096 1358 1073 1364 1468 1546 1356 
1205 1415 1131 1360 1282 1034 1234 1415 1185 1288 1085 1232 1262 1027 1099 1138 1210 1435 1182 1162 1222 1241 1297 1232 1181 1207 1154 1180 1101 1114 1355 1292 1111 1184 1310 1369 1190 1249 1027 1216 1434 1082 1189 1283 1280 1420 1385 1307 1078 1440 1258 1261 1407 1103 1119 1269 1312 1085 1335 1095 1211 1481 1374 1471 
1133 1421 1288 1238 1088 1110 1245 1296 958 1328 1135 1208 1222 1107 960 1097 1045 1316 1173 987 1150 1239 1271 1193 1326 1211 1275 1094 1069 1182 1233 1335 1230 1111 1278 1414 1241 1257 1091 1263 1465 1217 1148 1085 1290 1254 1346 1213 1044 1340 1119 1109 1383 1134 1324 1237 1269 1140 1380 1018 1170 1385 1248 1354 
1001 1192 1215 1199 1110 1123 951 1239 1062 1188 1016 1070 1086 1047 1048 1069 1057 1352 1152 956 1100 1279 1099 1132 1326 1255 1037 1080 1091 984 1214 1275 1151 1190 1314 1216 1142 1118 1088 1238 1317 1136 1163 1083 1200 1328 1359 1064 1079 1320 1113 1141 1382 1161 1191 1206 1260 1072 1289 922 1141 1307 1186 1248 
1034 1216 1307 1124 1149 996 1070 1370 1093 1176 935 1131 1092 1028 943 1023 975 1329 1193 1056 1211 1287 1145 1222 1340 1195 1017 1161 1049 1196 1255 1382 1209 1059 1185 1204 1040 1136 1094 1195 1409 924 1063 1022 1175 1305 1294 1223 1045 1237 1108 1130 1314 964 1104 1217 1237 896 1212 821 1270 1315 1348 1338 
1354 1679 1495 1436 1450 1297 1231 1607 1355 1452 1317 1307 1537 1205 1153 1295 1262 1625 1428 1279 1323 1508 1475 1436 1466 1566 1360 1392 1374 1391 1521 1578 1516 1186 1512 1517 1434 1401 1330 1440 1693 1245 1332 1371 1330 1616 1586 1487 1325 1588 1345 1498 1548 1246 1445 1384 1530 1331 1589 1199 1422 1607 1573 1600 
1367 1468 1413 1548 1435 1174 1285 1696 1275 1562 1205 1376 1454 1175 1325 1289 1354 1599 1350 1301 1361 1422 1484 1326 1363 1355 1344 1392 1279 1218 1535 1530 1283 1348 1501 1412 1381 1375 1249 1431 1560 1300 1275 1424 1417 1686 1493 1352 1313 1626 1401 1430 1596 1359 1380 1434 1603 1176 1562 1211 1428 1619 1547 1537 
1097 1145 1144 1244 1070 1156 1137 1289 998 1222 1111 1085 1207 1124 905 1057 993 1274 1199 917 1172 1193 1194 1098 1293 1187 1115 1087 1068 1117 1231 1287 1140 1044 1268 1159 1093 1189 1099 1084 1407 1091 1125 1121 1212 1223 1274 1148 939 1270 1147 1104 1220 1105 1212 1174 1267 960 1156 1082 1237 1232 1345 1327 
1096 1165 1042 1051 1183 970 1008 1218 957 1151 915 930 1118 982 937 1072 920 1164 975 835 1083 1166 1027 1051 1199 1169 1110 1069 947 1153 1143 1260 1062 978 1070 1114 1007 1052 916 995 1190 1035 923 977 1176 1104 1211 1106 918 1163 1084 1016 1176 991 941 1073 1114 1004 1167 935 1141 1265 1248 1170 
1048 1386 1362 1361 1308 1089 1252 1496 1111 1328 1189 1359 1425 1085 1271 1156 1218 1508 1250 1190 1388 1402 1341 1316 1458 1331 1275 1172 1234 1253 1348 1471 1377 1187 1398 1360 1208 1329 1119 1302 1590 1125 1317 1278 1302 1493 1418 1321 1280 1436 1304 1405 1374 1182 1276 1327 1289 1077 1451 896 1324 1408 1439 1462 
1271 1327 1332 1291 1287 1114 1184 1518 1286 1360 1010 1176 1287 1110 1158 1235 1216 1410 1239 1038 1149 1379 1237 1382 1502 1276 1187 1201 1182 1190 1341 1348 1224 1294 1386 1227 1305 1268 1079 1223 1435 1204 1231 1233 1312 1437 1466 1478 1182 1350 1328 1289 1454 1368 1287 1219 1434 1160 1369 1111 1393 1468 1452 1360 
1047 1239 1311 1340 1168 994 1136 1432 988 1226 1170 1306 1222 1197 1063 1129 1120 1436 1163 1041 1215 1285 1166 1148 1253 1145 1172 1207 1207 1208 1182 1383 1222 1135 1306 1193 1347 1155 937 1341 1238 1149 1136 1144 1256 1369 1243 1101 1092 1319 1200 1213 1237 1130 1177 1164 1306 1174 1302 1032 1124 1314 1359 1344 
1050 1058 1157 1057 1083 866 985 1217 884 1116 1005 946 1069 946 924 951 939 1155 877 833 994 1144 1051 1034 1096 997 1042 1106 884 982 1022 1190 1031 1061 1142 1045 962 1017 842 1086 1129 958 999 940 1085 1098 1006 1016 874 1120 983 968 1090 1026 999 1146 1247 953 1146 953 1055 1223 1144 1167 
1167 1398 1331 1372 1193 1207 1287 1503 1057 1361 1202 1265 1346 1233 1162 1168 1183 1393 1180 1066 1305 1333 1219 1289 1383 1470 1227 1137 1210 1228 1328 1361 1330 1253 1397 1305 1286 1311 1044 1297 1481 1139 1196 1198 1438 1454 1448 1174 1087 1476 1162 1246 1362 1273 1330 1307 1387 1186 1358 1070 1202 1532 1374 1357 
1248 1414 1361 1222 1147 1137 1227 1397 1058 1384 1137 1212 1233 1167 1024 1237 1101 1393 1191 1025 1255 1342 1280 1345 1556 1414 1266 1085 1207 1284 1301 1424 1384 1236 1346 1286 1327 1273 1062 1184 1491 1243 1171 1143 1292 1316 1528 1380 1108 1315 1150 1148 1379 1189 1311 1257 1369 1279 1405 1076 1304 1425 1407 1342 
1383 1451 1386 1326 1306 1133 1187 1560 1141 1358 1200 1354 1491 1086 1152 1238 1138 1349 1220 1026 1340 1381 1281 1267 1516 1365 1371 1145 1372 1326 1398 1407 1366 1255 1346 1431 1330 1418 1069 1201 1316 1222 1139 1163 1296 1420 1382 1363 1149 1207 1219 1241 1345 1217 1332 1287 1465 1309 1329 1014 1269 1560 1511 1385 
1132 1351 1197 1338 1200 1100 1101 1345 1115 1210 1098 1102 1310 1030 1077 1020 1067 1237 1179 1070 1241 1122 1250 1107 1129 1286 1131 1114 1131 1134 1236 1264 1178 1040 1225 1246 1120 1111 1009 1201 1342 1086 1157 1119 1170 1440 1250 1160 1113 1456 1118 1242 1248 1136 1143 1148 1259 1041 1269 1045 1123 1387 1278 1333 
1238 1438 1499 1483 1315 1198 1247 1529 1109 1304 1237 1296 1430 1192 1308 1275 1256 1536 1194 1060 1364 1412 1262 1306 1383 1468 1419 1313 1409 1307 1471 1568 1384 1163 1475 1536 1426 1348 1244 1416 1561 1206 1221 1229 1429 1421 1420 1368 1338 1364 1351 1255 1510 1367 1203 1432 1378 1213 1430 1070 1260 1414 1551 1275 
1046 1340 1393 1331 1209 1143 1155 1464 974 1206 1234 1297 1212 1112 1102 1109 1085 1511 1116 963 1282 1307 1352 1119 1316 1231 1115 1231 1087 1174 1376 1515 1272 1067 1458 1276 1197 1263 1233 1304 1430 1130 1231 1274 1315 1463 1266 1208 1080 1436 1210 1226 1251 1223 1190 1371 1317 1112 1349 1134 1223 1365 1283 1462 
1291 1533 1544 1433 1370 1143 1377 1526 1147 1359 1359 1314 1399 1268 1110 1246 1162 1605 1251 1256 1425 1488 1444 1368 1471 1522 1373 1318 1309 1343 1412 1671 1490 1330 1342 1488 1476 1529 1212 1507 1553 1213 1279 1221 1399 1436 1344 1385 1293 1444 1370 1279 1422 1250 1443 1389 1515 1416 1589 1149 1321 1501 1534 1578 
1033 1317 1178 1407 1133 938 1217 1418 956 1205 1140 1193 1255 932 1068 1116 1170 1274 1083 1099 1394 1356 1278 1326 1373 1327 1311 1183 1125 1290 1284 1363 1266 1136 1326 1271 1227 1342 999 1171 1256 1188 1123 1034 1270 1400 1417 1342 1098 1308 1291 1215 1239 1198 1249 1158 1300 1192 1260 992 1227 1336 1399 1393 
1154 1382 1326 1315 1423 1065 1191 1479 1078 1268 1111 1225 1403 1036 1155 1215 1200 1420 1181 1132 1236 1353 1230 1134 1198 1232 1331 1120 1107 1168 1335 1389 1125 1117 1322 1402 1184 1195 1102 1279 1399 1199 1293 1299 1385 1456 1252 1188 1266 1315 1389 1323 1421 1048 1052 1297 1292 1078 1449 997 1169 1379 1362 1406 
948 1105 1075 1238 1034 929 1083 1207 934 1101 978 1075 934 958 865 924 928 1334 1056 972 1139 983 1087 1126 1136 953 1106 1061 955 1022 1123 1280 1055 1085 1212 1123 1080 1023 916 936 1227 1043 1015 971 1136 1105 1220 1198 959 1132 1072 1025 1121 1062 1056 1045 1160 962 1074 960 991 1168 1133 1300 
1329 1515 1371 1522 1360 1224 1215 1605 1381 1317 1260 1378 1418 1153 1254 1321 1173 1583 1328 1150 1425 1481 1502 1375 1483 1411 1331 1285 1201 1304 1470 1515 1305 1231 1546 1485 1443 1437 1347 1237 1524 1341 1309 1239 1390 1533 1636 1490 1228 1455 1388 1274 1380 1140 1411 1373 1593 1326 1502 1162 1267 1570 1450 1542 
1110 1216 1317 1340 1242 1086 1039 1332 1024 1224 1148 1155 1219 1127 1146 1183 1077 1434 1245 1082 1291 1330 1169 1165 1218 1245 1292 1167 1243 1158 1316 1430 1274 1124 1291 1295 1205 1204 1037 1273 1399 1217 1242 1023 1193 1322 1305 1214 1252 1294 1201 1228 1305 1062 1268 1308 1237 1079 1286 1067 1148 1299 1276 1383 
1212 1468 1491 1420 1276 1200 1261 1660 1115 1398 1237 1323 1432 1099 1255 1293 1214 1442 1271 1096 1421 1445 1448 1256 1422 1436 1368 1281 1337 1299 1448 1510 1333 1126 1518 1365 1337 1356 1243 1396 1559 1274 1352 1332 1404 1499 1511 1382 1355 1429 1369 1359 1410 1301 1217 1416 1341 1227 1493 1248 1382 1536 1412 1481 
1220 1630 1488 1325 1272 1263 1151 1535 1138 1432 1248 1360 1371 1307 1083 1202 1305 1502 1290 1003 1261 1443 1420 1304 1482 1568 1351 1297 1341 1386 1463 1468 1316 1207 1508 1443 1285 1296 1194 1381 1606 1297 1289 1502 1503 1548 1429 1405 1154 1485 1318 1405 1507 1299 1185 1457 1475 1178 1477 1206 1395 1470 1543 1447 
1134 1353 1316 1222 1185 1041 1253 1318 960 1337 1213 1289 1310 1112 1091 1188 1055 1315 1114 1083 1180 1210 1352 1202 1211 1254 1144 1323 1039 1332 1255 1307 1264 1108 1348 1297 1173 1143 1062 1233 1413 1108 1107 1189 1263 1370 1252 1179 1092 1456 1138 1147 1262 1220 1239 1278 1329 1124 1315 961 1178 1390 1292 1280 
1177 1288 1371 1476 1217 1107 1194 1484 1103 1320 1202 1371 1389 1066 1146 1094 1173 1348 1215 1106 1396 1342 1269 1271 1485 1331 1308 1160 1272 1161 1318 1450 1329 1253 1401 1435 1327 1410 1099 1262 1390 1228 1170 1153 1438 1463 1482 1287 1173 1444 1241 1290 1396 1339 1423 1233 1313 1261 1434 1078 1194 1450 1304 1460 
1327 1543 1507 1444 1368 1159 1289 1544 1268 1474 1165 1330 1450 1110 1105 1189 1236 1505 1345 1087 1522 1420 1517 1297 1668 1414 1343 1361 1245 1385 1517 1501 1430 1314 1550 1532 1293 1454 1339 1276 1576 1346 1239 1331 1478 1641 1509 1475 1305 1508 1285 1319 1526 1483 1436 1279 1655 1244 1428 1219 1376 1625 1594 1581 
1190 1414 1422 1272 1390 1041 1179 1390 1158 1407 1107 1273 1353 1140 1103 1136 1188 1387 1257 1209 1350 1385 1202 1395 1281 1298 1234 1222 1226 1354 1381 1510 1324 1126 1325 1328 1170 1293 1136 1251 1454 1090 1252 1200 1333 1412 1386 1286 1082 1293 1240 1218 1453 1101 1169 1201 1315 1000 1283 1034 1201 1367 1490 1374 
1163 1321 1359 1260 1276 1088 1108 1453 1026 1313 1151 1206 1351 1080 1113 1182 1087 1473 1033 1011 1336 1348 1330 1323 1498 1326 1343 1216 1153 1291 1361 1463 1241 1151 1338 1279 1197 1330 1106 1215 1437 1204 1109 1124 1330 1425 1399 1308 1100 1349 1281 1340 1258 1188 1261 1294 1342 1150 1369 1003 1229 1419 1317 1402 
1298 1551 1309 1333 1365 1246 1201 1452 1265 1304 1224 1342 1447 1214 1179 1301 1126 1535 1110 1012 1354 1433 1305 1317 1542 1470 1207 1082 1332 1345 1438 1445 1373 1132 1417 1506 1447 1416 1254 1248 1479 1268 1152 1231 1329 1503 1517 1380 1086 1427 1350 1213 1424 1216 1367 1349 1456 1228 1345 1209 1272 1498 1625 1424 
1271 1447 1395 1346 1305 1131 1141 1599 1241 1383 1197 1317 1366 1148 1102 1183 1263 1395 1368 1140 1392 1328 1387 1253 1402 1407 1172 1196 1272 1122 1372 1375 1294 1396 1412 1404 1379 1338 1183 1423 1449 1249 1366 1315 1207 1572 1479 1272 1361 1426 1232 1227 1545 1315 1437 1232 1517 1264 1433 1155 1357 1457 1497 1462 
1083 1510 1316 1408 1334 1193 1129 1558 1184 1460 1031 1262 1370 1113 1198 1207 1202 1365 1136 1066 1330 1424 1334 1330 1519 1411 1264 1138 1336 1309 1413 1427 1226 1253 1392 1330 1275 1319 1180 1334 1439 1230 1077 1349 1299 1492 1451 1362 1315 1392 1284 1317 1496 1226 1132 1378 1421 1139 1443 1118 1425 1407 1486 1420 
1243 1274 1408 1305 1186 1007 1173 1413 1019 1217 1227 1337 1251 1074 1090 1071 1179 1431 1141 1121 1234 1397 1261 1411 1358 1295 1263 1342 1273 1325 1427 1364 1325 1158 1431 1357 1209 1313 1043 1322 1440 1099 1092 1264 1334 1403 1390 1481 1138 1293 1238 1183 1379 1231 1186 1327 1240 1087 1303 1041 1375 1307 1512 1361 
1086 1379 1260 1231 1248 1089 1149 1445 1120 1230 1122 1214 1194 1059 1001 1174 1168 1369 1199 1080 1166 1274 1313 1213 1358 1357 1062 1159 1068 1143 1285 1287 1228 1243 1354 1275 1269 1257 1114 1240 1440 1009 1183 1222 1265 1445 1383 1217 1193 1350 1248 1257 1384 1184 1174 1188 1331 1199 1360 990 1256 1430 1442 1403 
1242 1536 1360 1364 1249 1165 1314 1541 1054 1515 1162 1270 1448 1099 1230 1234 1189 1405 1183 1120 1257 1423 1245 1227 1472 1265 1316 1171 1260 1227 1342 1484 1334 1235 1390 1363 1269 1279 1137 1327 1425 1185 1290 1306 1286 1428 1362 1329 1230 1446 1284 1325 1391 1277 1366 1400 1304 1228 1405 1057 1259 1449 1354 1497 
1136 1241 1232 1223 1257 1142 1109 1535 1049 1218 1144 1211 1256 1112 1082 1226 1078 1393 1171 1040 1262 1208 1310 1068 1370 1327 1094 1114 1222 1183 1423 1440 1263 1150 1306 1275 1260 1061 1176 1247 1351 1145 1125 1150 1205 1452 1293 1233 1076 1379 1131 1246 1291 1237 1273 1231 1408 1183 1311 1047 1250 1462 1476 1433 
1268 1380 1305 1334 1226 1187 1170 1489 1176 1355 1290 1222 1343 1171 1199 1196 1240 1346 1260 1147 1331 1415 1275 1234 1438 1361 1254 1259 1136 1185 1358 1468 1322 1187 1519 1311 1216 1177 1221 1294 1577 1165 1331 1224 1302 1358 1445 1210 1205 1457 1237 1203 1414 1273 1337 1364 1407 1124 1353 1155 1303 1460 1486 1434 
1330 1553 1595 1515 1448 1238 1449 1775 1335 1599 1288 1431 1482 1263 1342 1330 1370 1763 1309 1234 1497 1482 1495 1344 1583 1468 1326 1383 1383 1239 1478 1576 1498 1398 1650 1536 1497 1453 1437 1506 1762 1212 1425 1380 1435 1617 1645 1346 1379 1633 1457 1521 1703 1451 1457 1504 1593 1249 1550 1158 1438 1716 1591 1639 
1216 1359 1414 1419 1362 1209 1166 1564 1254 1287 1188 1367 1255 1178 1180 1297 1201 1416 1311 1129 1363 1459 1451 1238 1380 1264 1371 1294 1204 1327 1479 1479 1302 1100 1489 1397 1292 1285 1321 1267 1462 1289 1326 1251 1389 1529 1340 1274 1294 1424 1306 1365 1392 1262 1224 1394 1495 1146 1426 1172 1437 1529 1494 1593 
1102 1293 1306 1291 1143 1067 1247 1481 957 1301 1067 1160 1176 1060 998 1057 1045 1313 1283 1088 1260 1310 1272 1226 1375 1289 1224 1309 1191 1251 1266 1425 1242 1197 1330 1163 1204 1163 1098 1272 1320 1179 1135 1167 1297 1406 1335 1325 1141 1360 1231 1202 1376 1190 1273 1261 1417 1116 1232 1044 1393 1444 1465 1400 
1172 1462 1280 1334 1304 1184 1147 1391 1122 1298 1009 1219 1281 1232 1124 1184 1064 1362 1128 987 1249 1306 1019 1306 1374 1382 1238 1128 1231 1260 1403 1570 1218 1171 1236 1345 1251 1148 1168 1288 1393 1156 1147 999 1278 1297 1230 1209 1045 1278 1246 1145 1369 1241 1210 1374 1281 1053 1305 1061 1190 1409 1416 1320 
1111 1333 1219 1095 1121 989 962 1294 1068 1168 1024 1194 1357 1028 1077 1077 1036 1166 1039 796 1061 1229 1072 1134 1228 1193 1163 1087 1085 1183 1236 1329 1308 931 1302 1281 1079 1127 1102 984 1356 964 1045 1017 1225 1143 1279 1319 860 1182 1068 1083 1248 1080 1107 1097 1118 1035 1190 915 1041 1394 1269 1178 
1174 1377 1349 1391 1361 1044 1165 1559 1152 1476 1098 1374 1341 1079 1237 1253 1183 1477 1247 1216 1331 1351 1381 1329 1368 1241 1411 1267 1300 1274 1487 1528 1372 1170 1407 1266 1189 1395 1281 1278 1471 1248 1243 1218 1326 1523 1431 1322 1331 1371 1337 1411 1364 1253 1331 1301 1308 1165 1454 1038 1274 1444 1387 1507 
