16 22 22 15 17 25 21 17 13 21 15 19 16 16 11 20 18 18 24 12 16 21 11 19 17 18 24 18 17 17 16 16 21 14 18 15 24 20 22 19 17 14 16 19 24 16 19 13 16 17 15 13 14 18 23 12 21 15 18 17 19 11 17 22 
9 16 18 14 11 19 11 15 10 14 14 15 14 17 13 12 15 11 19 9 14 21 11 22 14 13 18 14 17 12 13 12 17 14 13 15 16 14 17 16 15 15 10 15 16 12 14 12 17 15 11 11 14 15 16 9 15 15 15 12 13 10 17 14 
11 19 24 15 16 23 19 17 16 22 12 17 19 22 13 20 18 20 19 15 12 20 17 21 15 20 28 16 18 15 18 17 19 13 17 14 21 22 18 17 18 17 14 19 22 13 17 13 19 20 17 14 16 20 25 17 22 16 21 16 22 13 18 18 
13 23 23 16 12 23 16 17 19 17 18 19 17 18 13 15 18 17 22 14 15 19 14 21 17 22 24 16 16 17 18 13 18 16 12 15 16 20 16 18 16 19 13 21 17 12 19 13 17 22 13 16 17 23 20 12 22 20 17 18 17 16 19 19 
10 14 15 15 10 16 14 15 15 14 15 17 16 9 9 15 13 8 18 12 16 20 12 15 9 13 15 11 18 15 12 9 13 11 12 11 13 18 18 16 16 16 11 15 14 13 15 11 16 13 9 11 12 14 16 8 15 12 13 13 12 12 16 14 
16 22 20 17 14 22 18 16 16 16 16 20 14 17 10 18 18 19 21 13 13 18 10 20 15 16 25 16 17 20 17 12 14 14 15 12 21 22 17 19 16 16 18 19 20 11 19 11 16 18 15 15 13 14 23 13 19 20 17 15 14 12 17 18 
8 11 14 13 11 14 15 13 12 12 8 11 13 13 9 15 12 11 14 11 12 16 12 17 11 13 14 7 10 14 11 10 15 9 12 11 15 14 11 15 12 16 9 13 14 8 10 8 15 11 10 7 13 14 15 7 14 11 14 8 7 7 13 12 
15 20 22 16 14 20 18 18 11 17 15 19 16 20 14 17 16 15 22 13 12 22 14 18 15 15 20 17 17 18 14 16 21 16 20 10 17 20 21 17 17 16 17 18 21 15 21 15 16 16 13 13 14 21 20 13 20 12 17 16 19 15 22 18 
11 18 14 21 14 23 14 17 17 12 16 19 17 16 10 14 15 20 20 15 13 23 15 17 13 17 25 12 13 14 17 13 16 13 14 12 17 17 17 15 14 18 13 17 16 12 16 13 17 18 13 16 9 18 19 13 20 16 15 16 16 15 20 19 
14 20 19 14 12 19 21 15 14 16 15 16 17 20 11 14 20 16 20 11 11 18 17 17 16 17 21 18 14 17 11 12 19 14 13 13 20 19 19 19 17 13 11 15 18 13 17 12 18 14 15 16 14 18 18 12 21 15 21 16 16 15 18 17 
16 22 21 18 19 25 23 20 19 25 16 18 20 23 11 18 19 21 24 18 16 25 17 21 17 22 28 18 17 19 20 17 21 15 19 16 24 21 22 21 20 22 13 19 25 16 20 16 22 17 14 14 16 23 25 13 24 16 21 19 19 16 20 22 
14 15 21 14 16 18 14 13 15 14 14 14 13 19 8 16 16 13 15 12 8 20 14 21 11 15 19 15 21 16 15 13 15 9 15 14 17 17 16 17 17 16 9 13 16 10 16 10 18 15 8 14 10 18 21 10 17 16 18 10 16 12 19 15 
14 22 25 16 17 23 15 17 15 18 15 20 20 23 13 19 23 19 21 15 15 25 17 22 19 19 22 17 17 17 16 16 22 14 20 16 21 23 25 20 21 17 15 20 25 15 18 14 19 20 13 16 17 18 25 13 22 17 22 18 20 15 22 20 
15 21 19 15 17 21 20 14 17 19 16 19 20 16 10 17 18 16 19 12 14 23 16 20 15 20 22 16 12 15 16 9 18 14 15 11 19 16 20 15 16 15 15 16 18 12 16 12 20 18 14 13 13 16 19 12 25 12 19 19 17 16 16 23 
14 22 19 16 16 23 21 18 16 18 14 18 17 18 13 19 20 17 22 14 15 24 17 21 19 20 23 15 18 17 18 13 17 11 15 13 21 24 18 21 18 15 17 19 20 16 16 15 20 21 17 17 10 19 23 14 24 14 18 18 19 16 18 21 
11 18 17 15 14 18 14 15 14 15 15 15 14 11 11 9 17 20 17 10 8 16 12 18 9 20 19 13 12 16 11 11 17 10 12 10 16 16 15 13 15 13 13 20 17 8 14 7 14 18 15 15 14 15 17 14 16 18 13 16 13 10 16 14 
19 20 21 16 16 23 18 12 14 18 18 18 16 21 12 15 20 17 20 12 13 21 12 24 13 21 24 17 15 16 16 13 16 11 16 12 20 19 20 18 16 17 9 15 20 12 17 12 19 16 14 13 12 18 26 11 25 13 19 19 18 18 16 20 
11 19 18 16 18 20 16 18 14 17 11 14 14 18 13 15 21 14 18 9 13 18 13 15 15 16 20 12 13 17 16 14 18 11 16 13 18 20 20 17 18 15 17 16 17 12 15 14 11 14 16 14 15 11 18 14 22 16 16 13 14 10 16 16 
17 19 20 19 13 24 21 16 17 18 20 20 20 20 13 18 16 14 23 12 15 19 14 22 15 21 26 19 18 18 15 14 17 16 19 18 18 19 17 23 18 14 11 20 19 12 15 11 17 17 17 17 16 19 24 13 22 20 23 17 18 18 19 18 
13 12 17 11 11 17 14 15 15 15 14 16 14 15 10 15 15 14 16 14 11 16 10 19 11 15 19 12 14 14 13 13 15 10 10 13 14 20 16 16 12 16 11 19 14 6 16 8 14 17 12 11 15 16 19 10 17 15 14 13 12 10 17 13 
13 19 24 16 15 25 18 19 20 21 16 22 21 16 11 20 18 19 23 20 16 23 18 21 16 21 24 16 18 20 18 15 19 11 16 16 20 23 24 19 19 21 15 20 21 13 17 11 21 21 17 18 15 22 25 10 24 18 20 18 22 17 23 20 
10 16 18 19 13 26 14 16 14 19 16 20 19 19 10 12 15 17 19 13 13 22 17 21 13 21 22 15 15 16 18 14 14 17 14 14 22 18 20 11 19 17 12 19 21 7 16 14 17 17 13 15 13 13 20 9 19 16 17 15 14 9 17 17 
13 21 15 17 13 18 19 15 14 15 12 19 13 15 11 14 20 15 19 10 12 19 13 19 17 18 20 11 10 15 19 11 12 12 11 9 21 17 19 18 15 17 13 16 18 14 13 10 14 15 15 15 10 15 19 13 22 13 17 21 18 14 18 16 
11 16 17 14 14 20 14 12 15 19 14 12 18 20 8 15 16 14 13 11 10 18 13 22 14 15 22 19 15 14 16 18 13 14 11 12 19 17 17 15 16 12 7 13 17 11 13 9 16 16 11 10 10 17 17 10 16 15 17 8 13 12 14 17 
11 19 20 12 16 21 16 17 14 20 13 17 17 17 8 16 16 14 21 12 15 18 15 13 14 21 17 15 14 13 17 14 19 13 15 14 20 18 19 17 17 13 11 19 20 13 14 13 14 16 14 15 14 15 17 13 19 14 21 15 15 10 12 17 
10 16 18 12 10 16 15 14 11 12 12 18 15 14 10 15 16 13 17 10 15 17 12 14 11 17 19 13 13 10 12 8 16 9 14 12 13 13 19 17 14 14 12 17 15 14 10 8 13 15 12 19 12 11 14 13 17 15 17 15 17 11 13 13 
11 20 18 15 13 20 14 10 11 16 14 14 14 16 12 13 19 12 18 8 14 18 9 19 13 15 17 15 14 13 15 14 15 15 14 12 19 19 15 17 16 13 10 16 19 15 10 15 14 14 12 13 14 16 20 14 17 17 17 12 14 12 13 13 
9 13 17 17 12 19 12 15 16 14 11 15 18 15 8 17 17 12 17 13 10 18 15 19 14 17 17 13 15 21 13 10 11 11 13 14 20 19 18 16 17 14 9 18 15 7 12 7 15 15 14 11 9 13 21 8 20 17 15 13 15 9 15 17 
11 10 16 11 10 20 14 12 13 11 11 14 15 11 7 13 15 15 17 15 10 14 10 13 15 16 16 10 14 13 11 12 13 12 13 9 18 17 14 15 13 12 8 13 18 12 9 10 16 13 15 13 8 16 15 7 17 14 14 11 15 10 9 15 
14 18 18 19 14 20 17 13 16 16 12 18 13 19 10 16 17 16 19 12 13 19 14 21 14 20 25 15 15 16 18 14 14 13 11 15 20 17 20 19 13 19 10 14 16 11 16 9 18 15 16 15 12 18 21 8 23 15 16 13 17 13 20 17 
17 17 15 17 16 21 16 12 16 17 16 15 17 19 11 15 22 18 16 12 11 22 12 21 13 14 24 16 17 16 18 14 14 10 12 11 18 22 16 17 20 18 13 13 15 11 17 14 16 16 12 13 10 20 20 14 19 15 17 13 15 14 18 19 
13 19 21 15 17 24 14 16 21 19 18 18 19 19 13 15 18 18 19 15 13 19 13 21 19 20 20 15 14 16 14 16 18 15 17 13 19 23 21 17 16 16 11 21 18 14 16 14 18 23 15 13 13 17 21 13 24 18 18 18 15 16 19 20 
16 16 19 10 11 23 18 10 15 16 14 13 14 15 10 14 15 12 18 10 14 19 10 18 13 15 20 16 15 17 14 12 14 12 13 12 19 20 16 16 15 11 10 15 14 12 14 14 15 14 8 11 13 17 20 9 18 16 18 11 16 9 13 20 
11 17 15 14 13 14 13 16 11 17 11 15 15 13 11 13 13 10 16 8 11 17 11 13 10 14 15 9 12 12 13 11 16 14 12 10 12 13 18 14 15 14 10 16 15 10 17 8 15 16 10 8 12 13 15 11 17 8 12 12 9 13 14 15 
11 17 21 14 14 18 17 16 15 22 16 16 15 17 12 15 13 13 15 10 10 14 15 21 10 18 21 17 15 19 15 13 14 13 13 11 16 17 18 11 13 10 11 18 14 8 15 9 14 19 14 12 15 14 21 9 19 16 15 12 16 10 18 14 
18 20 17 15 16 19 15 15 16 16 13 18 18 17 7 19 23 18 20 15 16 19 14 16 16 14 21 15 17 16 16 15 16 13 13 12 21 25 23 17 16 15 12 17 18 13 18 13 17 18 14 15 10 15 21 13 17 15 20 12 15 13 19 18 
16 21 21 16 14 25 17 16 14 18 17 22 21 18 10 17 19 17 23 16 15 20 15 21 15 15 24 18 16 20 18 15 17 14 16 13 22 22 20 16 20 15 14 17 17 13 18 13 15 19 15 14 10 18 21 11 21 20 17 12 19 13 16 20 
14 14 21 12 16 16 19 20 14 15 13 18 15 17 9 17 17 15 17 12 10 22 18 18 17 16 18 11 15 15 15 10 20 11 13 12 18 16 19 16 17 17 12 15 16 8 19 11 19 16 11 14 11 14 18 11 22 11 17 16 13 13 19 17 
13 20 16 16 16 21 13 19 14 20 13 16 15 14 11 12 16 15 17 11 14 17 12 19 12 18 19 14 16 17 15 13 11 15 14 8 18 18 18 14 14 14 12 22 18 11 13 13 15 19 16 13 14 12 18 13 18 16 17 16 13 13 15 14 
16 15 14 15 13 20 18 11 14 12 13 13 18 17 9 15 18 14 18 15 11 16 12 17 11 18 23 16 16 11 11 13 14 12 14 12 21 17 17 20 17 13 9 15 17 13 12 11 16 14 13 16 6 17 19 13 18 14 17 13 18 15 14 18 
16 18 23 16 15 20 17 19 21 15 17 19 20 17 9 21 19 15 17 18 15 20 17 22 18 19 24 16 21 19 18 10 18 16 14 14 20 25 20 19 15 19 15 22 19 10 18 11 19 17 11 16 15 18 23 10 18 19 20 16 16 11 23 20 
21 23 24 20 20 27 23 22 23 20 21 22 22 24 13 21 25 20 25 14 17 26 16 24 21 25 29 19 20 21 22 19 22 19 19 17 26 28 25 23 20 19 16 23 23 17 23 15 17 24 18 18 15 21 25 18 27 21 25 21 21 15 23 24 
16 20 19 16 16 21 18 15 14 13 16 17 16 18 10 18 19 18 22 10 14 20 14 23 16 19 23 16 18 14 13 14 19 16 15 11 21 16 16 19 15 15 10 17 18 12 15 13 19 18 15 17 14 16 24 14 19 16 21 16 16 16 17 14 
15 22 20 17 15 26 17 18 18 18 20 17 18 20 9 17 14 17 22 14 12 19 16 20 13 23 23 19 18 20 15 14 21 17 16 14 21 22 17 18 16 14 11 20 21 12 21 13 19 21 14 13 13 21 23 10 22 18 19 14 15 12 19 22 
9 18 14 14 14 18 16 12 14 18 15 13 13 15 12 13 18 15 20 8 11 20 10 16 10 17 16 13 12 14 12 11 18 12 14 12 17 15 13 16 19 13 10 15 15 12 15 13 16 16 12 9 13 17 20 12 20 14 14 15 11 11 12 19 
17 21 18 17 13 24 21 15 17 21 16 20 16 19 13 19 18 16 23 10 17 25 14 21 13 17 28 18 15 17 19 18 17 11 13 13 18 20 19 19 18 19 12 17 15 17 20 11 19 20 11 11 15 23 23 12 23 16 16 13 16 14 18 22 
7 13 14 8 9 11 10 7 10 10 9 11 12 11 7 11 10 11 14 8 9 15 7 15 11 13 11 7 9 11 12 6 12 9 8 7 15 14 12 11 10 11 9 10 16 7 11 7 11 13 9 7 8 11 18 6 12 7 12 11 12 7 12 8 
13 18 19 10 13 19 16 14 15 15 17 15 17 17 12 13 16 14 19 14 11 20 12 15 14 16 19 10 13 14 15 10 17 8 11 12 13 20 15 17 16 15 14 15 17 8 17 11 14 17 12 14 13 18 19 14 18 14 18 15 15 15 13 16 
12 18 18 14 15 21 18 13 19 16 18 14 18 14 11 11 17 15 18 11 12 23 11 19 14 14 18 11 16 18 14 11 16 9 13 10 20 19 17 17 15 11 13 16 18 14 14 13 20 18 11 15 12 17 20 9 18 16 17 13 13 14 16 19 
11 16 21 15 14 18 17 15 12 18 16 19 18 17 12 15 17 17 16 12 12 21 13 20 14 18 18 16 17 15 15 8 14 10 15 14 13 17 18 15 17 15 10 15 16 10 15 9 18 13 14 13 12 16 18 10 18 15 16 14 15 12 18 15 
11 14 20 12 12 18 19 15 17 16 14 13 15 16 14 14 16 12 15 13 9 18 16 20 14 16 19 14 15 15 11 11 17 13 14 14 17 19 14 20 16 15 11 15 17 14 14 10 17 12 10 9 14 20 17 10 19 16 14 14 16 12 18 16 
11 15 17 11 12 19 13 14 12 12 13 16 15 16 12 14 18 15 17 12 13 19 11 15 13 15 18 12 13 10 14 13 13 12 11 8 16 17 18 16 12 13 10 12 18 13 12 10 12 17 11 16 10 17 14 11 14 14 14 12 15 11 13 11 
10 17 20 13 15 16 15 15 13 18 11 15 14 17 10 15 11 11 19 8 9 21 14 15 13 17 17 13 15 15 14 8 17 11 12 15 15 15 16 17 15 15 11 18 16 10 17 12 16 17 11 11 11 13 20 12 23 9 12 16 14 12 12 17 
13 13 17 15 11 18 15 18 16 14 18 17 19 15 7 14 17 15 18 12 11 18 12 16 9 18 18 12 17 14 14 11 19 15 14 14 17 18 21 15 16 13 12 18 18 9 17 10 14 17 13 17 10 12 16 10 15 16 17 12 12 11 14 15 
14 18 17 15 12 22 19 16 12 18 18 16 16 14 8 16 17 13 20 11 9 16 10 16 10 15 20 16 16 15 14 9 18 13 14 14 20 16 17 15 18 11 13 16 19 7 17 12 15 13 15 14 10 14 21 10 17 14 18 15 12 12 14 18 
18 18 21 15 16 25 18 20 16 18 18 20 20 17 13 15 19 21 22 15 15 22 12 20 19 17 24 15 17 19 17 15 17 13 12 16 20 23 20 20 20 15 15 21 18 14 17 14 18 20 16 16 15 17 19 11 20 19 18 15 16 13 16 19 
8 17 14 15 11 21 14 10 15 13 14 14 18 15 9 15 15 12 17 10 10 18 14 14 15 13 19 14 14 15 15 13 14 13 7 13 15 17 12 13 17 10 10 13 13 10 14 14 13 18 11 15 7 17 17 9 15 14 15 9 16 12 13 17 
17 20 23 13 14 20 18 16 17 21 21 21 15 15 10 14 20 15 23 12 14 19 13 21 15 17 17 17 19 18 17 12 18 19 13 13 21 19 22 14 17 16 11 18 19 12 22 14 17 18 11 14 14 16 21 8 18 17 16 17 17 12 19 16 
11 17 19 12 16 19 18 13 16 19 13 18 14 20 11 18 15 18 17 11 12 19 16 16 14 18 23 16 13 15 15 13 13 10 12 12 19 19 17 16 13 14 12 13 15 11 15 10 15 15 16 13 12 17 21 12 23 13 20 16 20 12 18 17 
14 16 16 15 11 21 14 18 14 16 12 11 14 13 8 14 12 12 17 13 9 16 14 19 10 15 20 13 15 17 11 15 13 12 10 12 15 18 15 15 12 17 9 18 16 9 14 10 16 15 10 10 13 20 18 10 15 15 14 9 12 12 16 13 
15 19 16 17 14 22 16 15 14 17 16 16 13 15 9 18 17 16 20 11 13 20 15 19 9 18 19 16 18 17 16 10 13 13 14 12 20 18 15 17 14 15 12 17 18 11 15 11 16 16 10 14 12 16 23 12 16 13 20 17 15 14 18 16 
17 22 21 19 15 22 19 18 14 20 20 21 18 22 13 16 22 21 24 14 14 25 13 19 14 21 23 15 18 18 17 14 22 17 16 15 20 21 24 18 20 19 17 19 24 11 23 16 17 19 18 19 18 19 22 16 22 16 21 19 18 15 19 18 
15 22 20 16 17 20 18 17 14 16 16 19 17 15 10 13 20 19 21 13 11 18 13 20 15 20 20 13 16 17 15 13 21 14 15 11 23 21 17 18 20 15 16 22 22 13 17 15 17 21 15 16 16 16 23 15 21 19 17 18 16 14 18 15 
9 16 17 11 14 19 13 15 12 11 14 17 19 12 8 13 12 16 15 16 11 18 11 16 16 14 17 11 13 14 11 8 18 13 10 11 19 15 16 15 14 12 13 16 20 9 13 11 15 16 12 15 9 13 16 5 15 14 12 12 13 10 13 14 
