1054 1016 1144 1352 1050 1082 863 1021 1041 1101 923 1094 923 1193 999 1230 1112 1172 1002 1042 1057 1189 1126 1069 1086 1190 1038 1294 879 1068 1194 1036 1192 1210 1079 1120 1263 1103 1006 1133 1262 1021 1121 1156 1007 1121 1061 1001 936 1225 1106 1241 1203 1003 1194 1094 1120 1219 1177 1259 928 1280 984 902 
1422 1319 1402 1732 1396 1401 1168 1415 1320 1347 1145 1343 1286 1283 1277 1478 1432 1427 1151 1484 1316 1405 1415 1128 1356 1389 1304 1520 1134 1267 1291 1520 1640 1498 1380 1447 1608 1312 1286 1509 1505 1349 1327 1519 1430 1330 1342 1329 1244 1453 1283 1596 1580 1368 1350 1291 1527 1503 1322 1489 1218 1481 1445 1421 
1175 1226 1273 1493 1221 1243 1151 1304 1235 1172 941 1154 1101 1287 1135 1405 1337 1286 1060 1182 1260 1266 1208 1095 1277 1302 1046 1311 1001 1293 1348 1319 1430 1369 1201 1541 1532 1193 1192 1317 1343 1089 1245 1299 1267 1263 1224 1214 997 1207 1007 1446 1404 1215 1175 1153 1406 1216 1150 1490 1139 1342 1239 1134 
1167 1253 1383 1606 1274 1247 1204 1330 1087 1120 1105 1078 1120 1216 1220 1411 1348 1058 1009 1412 1314 1363 1194 1057 1249 1234 1236 1259 956 1160 1326 1330 1494 1290 1170 1279 1338 1263 1207 1344 1376 1129 1193 1385 1204 1386 1185 1103 1091 1358 1276 1490 1432 1254 1151 1150 1452 1225 1242 1333 1172 1305 1330 1311 
1350 1329 1553 1878 1385 1534 1389 1506 1365 1496 1121 1338 1307 1603 1439 1693 1651 1516 1280 1430 1395 1494 1465 1324 1324 1431 1302 1684 1286 1412 1496 1474 1796 1567 1393 1502 1811 1549 1434 1660 1634 1457 1477 1590 1465 1410 1421 1349 1292 1566 1454 1649 1703 1400 1374 1285 1633 1567 1457 1523 1451 1613 1469 1474 
844 1130 1053 1312 1023 1068 1049 949 1027 1010 1020 984 829 1126 1078 1151 1086 948 864 1095 1041 1165 983 915 956 1215 968 1082 963 1046 1107 1235 1251 1204 1002 1001 1068 1194 813 1266 1055 982 1101 1091 1124 953 938 876 812 1239 1029 1204 1258 1141 972 853 1042 1105 1182 1136 1097 1208 1038 867 
1491 1478 1592 1853 1567 1534 1300 1427 1433 1375 1289 1468 1354 1516 1458 1522 1588 1471 1240 1442 1392 1526 1499 1405 1404 1451 1363 1729 1275 1424 1479 1515 1700 1554 1495 1487 1632 1602 1299 1661 1753 1335 1309 1543 1572 1396 1486 1297 1303 1621 1466 1552 1628 1439 1409 1452 1600 1619 1479 1535 1344 1679 1475 1423 
1299 1383 1318 1798 1309 1447 1158 1320 1357 1357 1029 1233 1129 1425 1284 1584 1365 1360 1122 1330 1294 1360 1211 1204 1251 1328 1214 1405 1209 1404 1440 1387 1525 1393 1249 1444 1527 1480 1285 1401 1440 1184 1338 1418 1444 1208 1280 1122 1093 1353 1191 1547 1453 1446 1286 1178 1537 1413 1242 1555 1323 1427 1244 1217 
1092 1239 1160 1424 1156 1254 1034 1106 1056 1144 1080 1101 1079 1181 1004 1297 1114 1089 1060 1159 1115 1275 1163 1058 1096 1182 1031 1177 997 1125 1240 1297 1390 1254 1095 1228 1334 1192 1003 1192 1293 1141 1064 1134 1340 1186 1084 1027 1002 1311 1033 1371 1382 1144 965 1139 1207 1269 1220 1287 1154 1245 1155 1078 
1294 1382 1314 1605 1365 1321 1264 1246 1399 1380 1143 1351 1231 1278 1291 1385 1406 1303 1165 1358 1234 1294 1265 1193 1349 1420 1045 1682 1138 1276 1363 1561 1559 1486 1350 1464 1461 1320 1091 1502 1563 1283 1222 1384 1384 1390 1385 1164 1198 1397 1317 1514 1558 1228 1314 1215 1466 1320 1457 1527 1258 1448 1330 1161 
1411 1432 1547 1828 1447 1509 1343 1431 1367 1495 1269 1357 1254 1339 1356 1533 1544 1616 1324 1528 1487 1564 1357 1414 1503 1558 1316 1686 1231 1471 1548 1588 1711 1651 1525 1479 1615 1508 1391 1639 1705 1381 1421 1578 1489 1547 1383 1372 1254 1563 1323 1622 1748 1476 1416 1310 1652 1440 1466 1615 1372 1702 1458 1457 
1246 1145 1370 1531 1245 1394 1084 1245 1176 1273 949 1180 1071 1202 1157 1391 1401 1263 1067 1196 1144 1272 1119 1111 1159 1277 1186 1372 925 1080 1282 1252 1390 1395 1314 1356 1314 1212 1139 1358 1340 1146 1189 1289 1246 1169 1167 1137 1119 1316 1090 1405 1460 1180 1217 1151 1271 1265 1207 1323 1144 1341 1222 1223 
1319 1293 1439 1655 1253 1551 1163 1409 1352 1449 1138 1427 1264 1376 1347 1417 1408 1351 1181 1349 1315 1408 1301 1391 1272 1337 1181 1402 1006 1377 1340 1484 1601 1457 1388 1500 1553 1390 1285 1412 1532 1285 1336 1539 1456 1286 1396 1165 1164 1381 1261 1541 1457 1208 1255 1382 1419 1370 1384 1384 1371 1513 1300 1350 
1082 1115 1259 1568 1196 1213 1138 1122 1144 1261 899 1124 1014 1221 1337 1288 1294 1153 979 1271 1150 1213 1130 1108 1059 1281 1044 1385 918 1180 1179 1310 1361 1270 1183 1313 1318 1268 1019 1295 1229 1107 1164 1264 1195 1092 1107 1028 993 1278 1118 1223 1285 1167 1115 1041 1253 1093 1223 1192 1082 1323 1191 1087 
1310 1283 1377 1744 1349 1379 1327 1335 1436 1417 1081 1208 1182 1563 1419 1432 1489 1326 1133 1381 1398 1441 1447 1364 1232 1503 1260 1597 1184 1236 1498 1561 1586 1442 1329 1405 1511 1461 1084 1531 1484 1337 1247 1395 1420 1330 1412 1190 1124 1486 1171 1427 1579 1386 1330 1205 1575 1496 1488 1512 1297 1513 1400 1318 
1221 1318 1365 1657 1416 1406 1070 1293 1362 1248 1150 1303 1204 1325 1211 1463 1474 1310 1156 1325 1174 1345 1356 1198 1306 1332 1026 1573 1160 1230 1382 1382 1459 1383 1206 1396 1433 1290 1173 1324 1476 1305 1293 1406 1504 1305 1306 1237 1125 1340 1284 1395 1475 1390 1421 1160 1321 1450 1288 1505 1229 1310 1220 1120 
1448 1343 1475 1810 1471 1349 1397 1391 1409 1453 1160 1292 1230 1441 1289 1607 1478 1424 1105 1657 1486 1601 1469 1286 1491 1600 1224 1635 1219 1384 1511 1723 1637 1704 1400 1468 1667 1453 1202 1576 1552 1378 1451 1591 1394 1419 1372 1318 1279 1662 1361 1543 1735 1419 1504 1281 1700 1499 1530 1569 1285 1569 1488 1251 
1158 1192 1217 1440 1301 1273 1272 1227 1151 1225 1195 1060 1067 1288 1312 1210 1288 1208 978 1376 1128 1370 1206 1149 1195 1345 1047 1394 1081 1197 1342 1411 1489 1329 1064 1199 1530 1303 1081 1385 1317 1167 1244 1358 1395 1220 1205 1144 1071 1322 1166 1370 1409 1195 1157 1075 1308 1357 1347 1349 1177 1333 1172 1185 
1143 1251 1399 1582 1237 1449 1123 1315 1259 1319 1018 1270 1158 1349 1246 1356 1344 1303 1118 1224 1232 1436 1172 1171 1277 1387 1039 1515 954 1222 1331 1353 1411 1408 1227 1432 1537 1216 1239 1349 1429 1176 1283 1486 1268 1228 1321 1251 1183 1321 1227 1385 1546 1286 1228 1094 1322 1305 1245 1481 1111 1288 1264 1274 
1209 1203 1229 1624 1293 1240 1112 1106 1322 1211 961 1186 959 1313 1235 1334 1383 1201 1037 1140 1319 1329 1222 1144 1219 1267 987 1530 939 1169 1295 1345 1470 1452 1325 1288 1338 1312 1018 1465 1362 1157 1070 1359 1321 1181 1269 1096 1041 1262 1237 1337 1507 1179 1299 943 1387 1330 1215 1215 1047 1292 1247 1153 
1235 1114 1336 1536 1189 1295 1140 1204 1174 1268 1196 1123 1086 1328 1148 1300 1241 1242 1036 1189 1311 1322 1246 1194 1130 1293 1159 1452 1054 1197 1243 1301 1466 1433 1120 1158 1332 1417 1110 1334 1430 1136 1224 1258 1284 1236 1074 1019 982 1319 1220 1247 1440 1163 1217 1134 1357 1310 1364 1348 1208 1443 1258 1082 
1205 1253 1364 1638 1368 1381 1193 1417 1202 1296 1202 1223 1161 1259 1323 1450 1458 1309 1132 1381 1324 1473 1281 1162 1352 1276 1149 1484 1098 1263 1371 1409 1581 1469 1275 1392 1603 1379 1399 1370 1517 1230 1244 1462 1382 1372 1303 1212 1141 1443 1276 1522 1452 1233 1356 1218 1419 1374 1214 1445 1214 1427 1396 1295 
980 1129 1029 1262 926 1090 856 1027 1057 1144 812 1041 1020 1151 953 1152 954 1115 926 997 990 1085 1067 1009 1015 1067 961 1167 848 1095 1186 1063 1222 1164 862 1204 1117 1005 968 1048 1124 950 1015 1211 958 1044 1123 936 886 1149 921 1279 1189 1013 1016 1027 1243 1085 1102 1125 994 1135 1016 1047 
1164 1282 1223 1570 1196 1238 1223 1269 1109 1284 1187 1258 1142 1342 1425 1264 1326 1291 1186 1332 1323 1289 1294 1106 1254 1403 1122 1479 1084 1204 1380 1336 1479 1358 1216 1270 1704 1385 1036 1388 1370 1174 1203 1361 1271 1212 1131 1153 1033 1428 1197 1516 1427 1336 1190 1188 1350 1359 1378 1437 1182 1424 1307 1206 
1170 1336 1420 1607 1250 1361 1177 1336 1233 1228 1058 1332 1307 1374 1324 1411 1341 1480 1238 1237 1265 1278 1405 1217 1144 1297 1174 1382 1125 1347 1319 1373 1478 1381 1188 1372 1691 1326 1164 1476 1404 1263 1316 1386 1363 1260 1289 1293 1091 1443 1295 1405 1475 1272 1098 1271 1350 1379 1372 1425 1211 1483 1332 1267 
1123 1127 1242 1521 1298 1141 1117 1214 1173 1250 968 1102 1158 1253 1280 1228 1413 1187 970 1355 1167 1165 1192 1014 1194 1163 1031 1352 1094 1210 1327 1305 1442 1276 1012 1298 1528 1325 1093 1370 1264 1119 1166 1308 1317 1212 1128 1111 1058 1257 1217 1292 1405 1262 1124 1156 1409 1308 1151 1351 1119 1300 1196 1186 
1164 1275 1400 1430 1377 1301 1265 1211 1301 1194 1224 1240 1195 1257 1266 1314 1440 1204 1110 1394 1214 1255 1305 1166 1279 1279 1030 1439 1103 1175 1364 1457 1495 1332 1220 1376 1556 1266 1079 1285 1573 1301 1162 1252 1298 1255 1254 1119 1184 1465 1162 1412 1359 1309 1287 1321 1309 1359 1265 1499 1233 1344 1240 1277 
1189 1278 1299 1454 1291 1347 1273 1279 1178 1481 1084 1194 1172 1273 1242 1454 1474 1273 1133 1232 1217 1238 1308 1097 1242 1330 1069 1447 1040 1296 1284 1312 1495 1507 1179 1351 1506 1420 1152 1435 1300 1315 1161 1296 1446 1261 1156 1259 1097 1426 1225 1500 1524 1307 1334 1258 1287 1341 1281 1330 1211 1436 1309 1230 
1185 1190 1077 1557 1250 1240 1030 1236 1154 1127 1056 1095 970 1231 1053 1396 1177 1149 1006 1188 1115 1126 1149 1049 1136 1259 1056 1374 1005 1091 1225 1230 1388 1297 1120 1186 1337 1258 1100 1296 1265 1111 1043 1277 1201 1093 1177 1031 1069 1230 1151 1345 1240 1171 1095 1019 1351 1203 1121 1395 1095 1246 1296 1151 
1188 1194 1422 1534 1237 1249 1241 1228 1264 1339 1090 1105 1147 1346 1210 1484 1354 1348 1096 1325 1178 1482 1160 1182 1216 1327 1182 1463 1200 1339 1354 1395 1544 1447 1236 1283 1372 1366 1226 1402 1394 1209 1315 1381 1304 1313 1307 1228 1018 1294 1168 1506 1517 1338 1303 1177 1428 1392 1235 1405 1144 1581 1328 1358 
1205 1445 1332 1726 1408 1530 1151 1395 1573 1467 1119 1470 1134 1388 1278 1522 1416 1375 1179 1398 1433 1552 1304 1321 1372 1589 1353 1675 1144 1363 1490 1602 1623 1586 1449 1490 1536 1479 1250 1583 1569 1358 1429 1622 1411 1504 1495 1358 1139 1462 1361 1692 1618 1351 1353 1167 1633 1500 1370 1612 1260 1463 1411 1275 
1273 1197 1286 1557 1369 1206 1028 1134 1291 1193 1026 1162 1002 1335 1302 1294 1452 1346 1123 1270 1277 1297 1342 1223 1208 1285 1235 1408 1004 1181 1325 1405 1458 1433 1290 1385 1529 1208 1066 1495 1397 1352 1213 1310 1363 1169 1181 1158 1092 1281 1082 1384 1481 1161 1166 1210 1309 1341 1403 1476 1119 1382 1144 1227 
1229 1235 1498 1635 1304 1504 1217 1411 1164 1382 1157 1401 1195 1441 1345 1389 1436 1368 1310 1398 1253 1473 1262 1270 1213 1477 1224 1513 1061 1323 1497 1396 1611 1398 1304 1528 1594 1438 1345 1439 1547 1307 1318 1591 1395 1296 1417 1271 1202 1476 1203 1563 1501 1354 1304 1377 1536 1377 1411 1392 1330 1555 1357 1409 
1303 1191 1364 1504 1154 1311 1107 1202 1311 1188 986 1272 1108 1263 1210 1302 1320 1391 1052 1232 1410 1478 1323 1280 1234 1247 1226 1335 1043 1251 1425 1355 1457 1458 1185 1381 1522 1265 1078 1391 1410 1119 1343 1354 1249 1310 1255 1264 1154 1388 1112 1361 1501 1143 1114 1278 1505 1365 1297 1351 1208 1400 1269 1229 
1176 1314 1297 1599 1446 1280 1306 1318 1288 1305 1139 1151 1149 1379 1269 1423 1364 1205 1047 1365 1359 1320 1303 1185 1356 1283 1259 1504 1037 1197 1439 1452 1595 1399 1205 1360 1364 1353 1082 1442 1382 1203 1169 1411 1347 1292 1319 1081 1105 1380 1294 1413 1556 1168 1111 1333 1504 1302 1245 1280 1257 1434 1339 1240 
1431 1464 1652 1770 1460 1610 1323 1473 1344 1524 1394 1396 1221 1388 1420 1486 1611 1402 1252 1511 1489 1581 1456 1271 1453 1497 1296 1669 1146 1403 1450 1559 1650 1654 1481 1594 1656 1559 1333 1642 1642 1560 1344 1665 1599 1507 1355 1265 1214 1643 1367 1598 1658 1502 1600 1300 1403 1526 1573 1594 1334 1594 1397 1516 
1230 1230 1313 1555 1445 1416 1184 1346 1306 1248 1240 1253 1130 1300 1221 1476 1546 1213 1064 1362 1118 1283 1332 1208 1202 1253 1103 1443 1205 1271 1403 1381 1554 1428 1274 1378 1439 1502 1197 1423 1461 1317 1240 1345 1570 1258 1337 1207 1108 1403 1287 1484 1366 1244 1443 1292 1396 1439 1294 1369 1350 1426 1326 1229 
1350 1341 1394 1723 1327 1463 1278 1438 1202 1377 1255 1240 1242 1418 1321 1508 1509 1537 1295 1375 1321 1372 1482 1307 1346 1380 1272 1556 1181 1362 1446 1345 1629 1553 1399 1454 1685 1422 1291 1529 1557 1352 1221 1342 1490 1427 1223 1255 1133 1445 1236 1547 1688 1389 1326 1377 1506 1428 1472 1520 1325 1524 1353 1341 
1229 1244 1374 1469 1369 1368 1235 1321 1222 1336 1104 1135 1115 1408 1363 1392 1433 1265 1070 1306 1154 1290 1260 1230 1154 1377 1128 1400 1112 1243 1440 1424 1418 1341 1233 1338 1475 1383 1150 1481 1457 1249 1191 1302 1421 1156 1212 1111 1016 1359 1102 1502 1297 1288 1224 1276 1314 1442 1368 1434 1230 1509 1353 1272 
1383 1331 1560 1788 1510 1512 1389 1430 1481 1441 1341 1354 1247 1488 1339 1682 1657 1416 1229 1655 1417 1648 1384 1527 1421 1737 1292 1701 1240 1460 1549 1628 1868 1603 1570 1559 1614 1484 1387 1591 1632 1447 1415 1573 1527 1405 1481 1355 1352 1680 1363 1613 1697 1386 1523 1438 1484 1509 1541 1738 1407 1749 1432 1394 
1267 1294 1442 1691 1284 1459 1346 1233 1219 1342 1102 1227 1202 1560 1316 1540 1409 1285 1208 1331 1215 1540 1357 1327 1276 1389 1106 1470 1028 1310 1457 1401 1608 1458 1362 1561 1662 1412 1183 1436 1484 1296 1330 1389 1425 1395 1298 1203 1169 1465 1283 1544 1663 1408 1273 1297 1341 1334 1372 1403 1169 1549 1235 1303 
1262 1426 1408 1726 1355 1422 1204 1339 1475 1359 1331 1265 1152 1374 1259 1568 1492 1377 1197 1438 1450 1471 1349 1404 1354 1493 1145 1656 1144 1268 1375 1525 1551 1531 1287 1413 1567 1502 1149 1493 1575 1355 1244 1451 1411 1468 1342 1287 1218 1426 1339 1618 1674 1351 1343 1226 1503 1478 1499 1608 1476 1383 1443 1375 
1427 1389 1352 1739 1380 1465 1279 1324 1464 1436 1160 1391 1254 1414 1264 1529 1492 1444 1211 1356 1357 1395 1398 1393 1336 1494 1145 1619 1136 1542 1626 1447 1792 1621 1327 1592 1619 1424 1310 1502 1634 1353 1421 1445 1441 1409 1427 1241 1256 1480 1263 1633 1582 1309 1359 1297 1756 1422 1425 1501 1396 1502 1452 1317 
1451 1387 1612 1856 1486 1521 1362 1470 1527 1544 1134 1311 1212 1668 1527 1665 1620 1535 1167 1559 1613 1720 1477 1540 1471 1601 1313 1575 1092 1508 1576 1673 1696 1681 1496 1620 1658 1574 1342 1678 1651 1370 1430 1615 1536 1391 1441 1346 1153 1667 1369 1780 1725 1372 1531 1467 1659 1645 1637 1541 1436 1652 1506 1347 
1165 1273 1485 1604 1338 1354 1110 1313 1335 1317 1078 1320 1190 1397 1205 1408 1418 1424 1205 1332 1152 1367 1310 1286 1261 1262 1142 1351 1131 1296 1423 1393 1464 1407 1237 1406 1489 1321 1114 1432 1524 1292 1287 1377 1398 1345 1248 1188 1026 1443 1333 1490 1392 1244 1301 1359 1310 1474 1342 1415 1241 1517 1280 1259 
1340 1333 1279 1766 1425 1367 1169 1341 1329 1293 1125 1231 1226 1371 1204 1623 1593 1296 1168 1376 1213 1332 1385 1178 1236 1382 1308 1496 1197 1380 1492 1381 1736 1463 1322 1452 1499 1452 1275 1525 1501 1387 1333 1304 1566 1348 1279 1204 1158 1417 1226 1632 1545 1388 1309 1233 1512 1497 1294 1525 1274 1513 1364 1368 
1356 1231 1413 1549 1358 1311 1254 1260 1290 1254 1005 1155 1104 1260 1279 1500 1516 1206 1110 1307 1296 1243 1284 1139 1154 1268 1064 1461 1129 1257 1243 1386 1392 1444 1248 1362 1448 1395 1188 1521 1416 1359 1178 1289 1398 1253 1175 1219 1181 1431 1205 1396 1525 1337 1230 1183 1359 1373 1287 1433 1162 1372 1368 1379 
1325 1417 1594 1666 1469 1522 1389 1387 1331 1329 1223 1313 1226 1523 1483 1384 1575 1574 1275 1426 1413 1592 1438 1374 1442 1456 1124 1604 1157 1343 1497 1610 1703 1576 1351 1510 1664 1333 1330 1611 1627 1363 1405 1687 1510 1321 1468 1394 1261 1514 1333 1471 1711 1430 1260 1248 1428 1597 1555 1508 1335 1485 1334 1480 
1026 1014 1146 1463 1086 1047 988 1080 1072 1153 916 969 1001 1048 980 1251 1151 1143 892 1214 1234 1158 1121 1002 1091 1232 1114 1231 933 1081 1180 1119 1301 1235 1004 1099 1163 1127 935 1169 1201 1044 1134 1079 1121 1150 874 961 858 1207 1065 1155 1320 1058 1001 985 1257 1135 1111 1243 1077 1226 1213 1010 
1076 1041 1094 1398 1009 1187 955 1079 1046 1046 950 954 918 1128 1000 1253 1061 1119 929 1083 1010 1070 1045 989 979 1040 1030 1144 968 1025 1130 1082 1222 1196 944 1113 1186 1121 1058 1060 1178 989 1149 1188 1038 1085 1035 972 930 1155 986 1164 1190 1103 1080 982 1254 1146 1082 1226 1083 1153 1047 1030 
1144 1168 1316 1512 1290 1235 1241 1237 1170 1224 1163 1199 1232 1246 1154 1332 1349 1281 1173 1227 1133 1327 1288 1193 1232 1362 1149 1447 992 1180 1374 1245 1518 1388 1217 1251 1431 1182 1067 1236 1520 1192 1161 1231 1173 1281 1217 1198 1131 1338 1187 1384 1393 1129 1259 1230 1322 1292 1275 1420 1285 1401 1269 1225 
1208 1269 1276 1594 1206 1408 1004 1191 1337 1207 1079 1293 1124 1285 1230 1367 1261 1224 1009 1276 1181 1318 1185 1118 1227 1232 1159 1436 1019 1094 1170 1349 1381 1291 1222 1308 1390 1295 1154 1315 1463 1224 1193 1479 1212 1242 1290 1121 1099 1307 1210 1470 1447 1281 1191 1103 1349 1376 1244 1358 1236 1237 1156 1237 
1216 1356 1537 1700 1334 1490 1114 1315 1440 1452 1181 1373 1163 1368 1418 1485 1540 1350 1185 1312 1459 1532 1323 1282 1306 1443 1248 1603 1054 1249 1434 1500 1503 1519 1267 1378 1587 1459 1144 1586 1567 1394 1257 1514 1506 1397 1284 1203 1101 1486 1353 1622 1577 1274 1286 1186 1402 1631 1394 1552 1346 1503 1438 1352 
1313 1302 1470 1617 1391 1403 1203 1345 1453 1368 1101 1325 1163 1396 1258 1515 1523 1443 1192 1372 1382 1497 1357 1331 1292 1382 1136 1584 1149 1332 1388 1613 1605 1600 1475 1521 1526 1391 1297 1599 1531 1414 1317 1556 1465 1276 1468 1340 1178 1408 1280 1624 1635 1214 1413 1280 1492 1510 1459 1427 1333 1481 1427 1362 
1098 938 1151 1446 1139 1159 1004 1110 1071 1239 959 1030 1003 1214 1148 1125 1202 1159 844 1175 1248 1216 1158 936 1030 1082 1056 1198 872 1066 1131 1119 1238 1298 1042 1031 1338 1288 940 1228 1105 1082 1026 1252 1219 995 987 1017 881 1253 1148 1136 1290 1035 1147 1081 1229 1332 1184 1085 1116 1168 1166 997 
1184 1298 1390 1626 1218 1487 1149 1456 1330 1395 973 1200 1180 1342 1192 1581 1416 1314 1050 1285 1295 1381 1255 1117 1158 1229 1201 1419 1135 1301 1310 1342 1411 1407 1299 1429 1561 1361 1226 1454 1409 1297 1234 1295 1331 1391 1176 1214 1008 1339 1225 1540 1488 1258 1332 1192 1375 1307 1265 1472 1320 1398 1359 1215 
1050 1111 1174 1434 1062 1104 906 1090 1095 1041 960 1063 1091 1150 1062 1150 1145 1208 995 1091 1174 1170 1091 1133 944 1116 1057 1191 1019 1188 1212 1088 1213 1124 931 987 1266 1161 1094 1282 1265 1063 1082 1220 1044 1120 1094 1025 986 1258 1114 1276 1308 1148 993 960 1360 1278 1205 1333 1190 1142 1184 1124 
1190 1129 1186 1517 1177 1252 1094 1178 1205 1120 1079 1057 991 1176 1115 1338 1368 1200 988 1122 1201 1185 1253 1086 1112 1199 1133 1426 1001 1164 1160 1071 1357 1286 1127 1127 1303 1320 1087 1279 1343 1252 1132 1184 1208 1177 1045 1080 1014 1271 1138 1338 1360 1220 1177 1047 1249 1277 1205 1315 1282 1268 1237 1158 
1211 1247 1299 1491 1147 1374 1116 1148 1224 1243 1042 1282 1106 1289 1144 1325 1189 1201 1085 1162 1064 1244 1199 1164 1168 1302 889 1388 1042 1334 1291 1226 1296 1420 1226 1461 1348 1313 1165 1280 1420 1179 1083 1383 1214 1233 1218 1126 1062 1366 1144 1458 1423 1388 1359 1066 1321 1307 1257 1347 1160 1305 1183 1214 
1124 1074 1207 1528 1186 1257 1062 1194 1229 1168 938 1118 963 1215 1106 1381 1304 1132 884 1223 1114 1176 1174 1128 1128 1169 1062 1230 919 1063 1171 1345 1363 1270 1190 1294 1296 1338 1142 1247 1346 1077 1022 1249 1238 1047 1257 948 1006 1280 1088 1316 1200 1092 1229 1105 1322 1247 1092 1235 1181 1213 1161 1083 
1308 1274 1401 1710 1258 1415 1341 1279 1335 1376 1193 1319 1237 1392 1414 1386 1438 1381 1248 1308 1309 1318 1427 1241 1265 1242 1163 1421 1162 1246 1289 1421 1569 1529 1301 1347 1666 1403 1201 1366 1591 1368 1269 1326 1398 1409 1296 1241 1169 1570 1267 1518 1514 1291 1349 1298 1488 1385 1358 1425 1310 1385 1348 1307 
1168 1110 1406 1650 1361 1277 1174 1225 1235 1205 992 1134 1050 1340 1281 1317 1454 1298 1149 1232 1273 1269 1324 1074 1085 1237 1114 1486 1067 1076 1144 1327 1406 1289 1368 1323 1444 1394 1101 1501 1330 1318 1128 1265 1332 1200 1231 1196 980 1354 1257 1315 1358 1203 1228 1108 1156 1405 1217 1321 1092 1402 1361 1276 
1311 1390 1438 1732 1413 1546 1314 1495 1310 1388 1311 1279 1310 1482 1278 1521 1533 1284 1197 1592 1424 1564 1360 1285 1342 1469 1332 1563 1192 1242 1473 1614 1598 1471 1388 1399 1555 1511 1249 1574 1510 1454 1350 1503 1482 1520 1328 1272 1213 1526 1294 1711 1674 1486 1380 1299 1544 1531 1433 1595 1404 1406 1449 1417 
1229 1290 1528 1685 1298 1439 1211 1308 1304 1439 1068 1286 1200 1372 1326 1459 1413 1336 1109 1391 1451 1626 1282 1297 1280 1445 1287 1562 1076 1365 1500 1380 1536 1413 1210 1461 1500 1431 1161 1491 1457 1269 1295 1440 1409 1374 1232 1155 1113 1545 1319 1533 1511 1177 1321 1241 1422 1542 1337 1390 1332 1594 1444 1287 
