2 7 7 9 2 8 8 2 0 2 0 3 4 7 6 7
9 5 0 2 3 1 0 3 3 9 6 0 9 3 1 0
0 5 3 6 0 2 5 1 0 8 3 1 0 9 3 1
2 8 0 5 9 5 1 0 3 5 3 8 4 6 6 8
8 3 6 1 5 1 5 2 8 8 4 7 0 9 0 5
3 3 7 6 5 8 6 0 6 6 0 5 0 3 5 2
4 4 4 1 0 6 8 5 9 7 6 7 2 6 4 0
1 8 4 4 9 6 9 4 7 1 0 5 1 5 2 2
9 4 2 1 3 8 2 5 4 5 6 8 6 4 4 2
5 3 0 1 2 0 2 0 0 2 2 8 3 7 5 9
7 2 5 2 6 1 7 6 4 4 1 0 6 3 7 9
2 7 9 6 7 7 9 0 3 6 8 0 3 3 8 9
0 3 8 7 3 0 8 2 8 6 8 9 1 0 2 9
2 4 2 3 4 3 6 8 7 8 4 8 6 7 7 3
8 3 7 3 4 1 6 0 9 6 5 4 5 1 9 3
0 2 3 0 2 4 0 4 3 7 9 6 7 8 4 4
